#         COST_U        COST_H      COST_D       COST_S       REGU_H       REGU_A          HPO 
23.9925880432 459.8475952148 108.0348510742 0.0000000002 3.7826597691 0.0000000000
22.6438026428 450.6470336914 94.9205627441 0.0004415942 3.3422625065 0.0124853645
21.5462417603 441.6223754883 82.7389602661 0.0014741860 2.9668176174 0.0233037397
20.7758827209 432.7634887695 72.8446426392 0.0029931094 2.6539647579 0.0398479365
20.2258491516 424.0755615234 64.7251739502 0.0049191872 2.3909556866 0.0603595674
19.8364696503 415.5554809570 57.8392181396 0.0071810069 2.1645331383 0.0827292204
19.6001472473 407.2030029297 52.0472145081 0.0097383307 1.9660508633 0.1061985642
19.4998321533 399.0184020996 47.0842552185 0.0125396810 1.7893600464 0.1301658154
19.4839248657 391.0020751953 42.7723922729 0.0155563187 1.6290950775 0.1537771523
19.5202770233 383.1530761719 39.0318260193 0.0187551305 1.4830279350 0.1766802073
19.5966968536 375.4709472656 35.7146682739 0.0221097562 1.3491487503 0.1986919492
19.6958732605 367.9547119141 32.8722610474 0.0255981330 1.2256669998 0.2195655704
19.8072338104 360.6013488770 30.3931674957 0.0292023141 1.1109042168 0.2393582463
19.9327678680 353.4096679688 28.2502670288 0.0329040810 1.0032987595 0.2581268549
20.0591259003 346.3779907227 26.3902835846 0.0366888531 0.9017479420 0.2759078145
20.1770248413 339.5043640137 24.7838726044 0.0405455157 0.8062517643 0.2926083803
20.2746753693 332.7862243652 23.3695259094 0.0444632359 0.7159256935 0.3082979918
20.3479194641 326.2204589844 22.1344814301 0.0484312735 0.6305348873 0.3230117559
20.4014358521 319.8038940430 21.0521907806 0.0524317920 0.5486798286 0.3366956115
20.4367332458 313.5323181152 20.1061477661 0.0564533398 0.4701125622 0.3493446112
20.4481220245 307.4022216797 19.2732868195 0.0604895465 0.3945147991 0.3611063957
20.4373359680 301.4089965820 18.5321140289 0.0645307228 0.3218901157 0.3720644116
20.3991374969 295.5492248535 17.8758316040 0.0685698763 0.2528095245 0.3823620081
20.3415832520 289.8189697266 17.2874031067 0.0725988746 0.1868009567 0.3920976520
20.2695865631 284.2150268555 16.7691535950 0.0766170323 0.1233458519 0.4013765752
20.1762771606 278.7344055176 16.3118381500 0.0806252882 0.0619995594 0.4102609456
20.0636367798 273.3734741211 15.8998098373 0.0846231058 0.0024795532 0.4188692570
19.9350605011 268.1299133301 15.5374088287 0.0886164904 -0.0549507141 0.4272602201
19.7987117767 263.0012817383 15.2074232101 0.0926034600 -0.1111030579 0.4354692698
19.6578998566 257.9847717285 14.8964109421 0.0965879038 -0.1657998562 0.4435253143
19.5182228088 253.0772094727 14.6059007645 0.1005701348 -0.2188932896 0.4513670206
19.3856143951 248.2766723633 14.3235149384 0.1045548171 -0.2707171440 0.4589977562
19.2573776245 243.5807342529 14.0537462234 0.1085537300 -0.3215777874 0.4664877057
19.1309490204 238.9863739014 13.8041849136 0.1125753373 -0.3709161282 0.4737795591
19.0033645630 234.4907684326 13.5707693100 0.1166177392 -0.4189288616 0.4809013307
18.8691539764 230.0912780762 13.3532876968 0.1206820756 -0.4649698734 0.4878368974
18.7346878052 225.7850494385 13.1469039917 0.1247782335 -0.5085563660 0.4945831895
18.5984420776 221.5694122314 12.9623727798 0.1289008111 -0.5496180058 0.5011482239
18.4636783600 217.4422302246 12.7884492874 0.1330472678 -0.5884599686 0.5075358748
18.3311729431 213.4012908936 12.6204490662 0.1372202337 -0.6249141693 0.5137732029
18.2000122070 209.4450531006 12.4564571381 0.1414173990 -0.6592655182 0.5198777914
18.0758762360 205.5716552734 12.2978811264 0.1456390619 -0.6920027733 0.5257192850
17.9552917480 201.7788543701 12.1441879272 0.1498888433 -0.7231962681 0.5312612057
17.8316764832 198.0648193359 11.9984922409 0.1541629583 -0.7529842854 0.5364532471
17.7044353485 194.4271545410 11.8641090393 0.1584625840 -0.7817947865 0.5413378477
17.5817413330 190.8639373779 11.7405405045 0.1627943814 -0.8095407486 0.5458840132
17.4645767212 187.3732757568 11.6155557632 0.1671519279 -0.8366060257 0.5502251387
17.3496570587 183.9531402588 11.4939451218 0.1715367138 -0.8632397652 0.5544010401
17.2399444580 180.6019592285 11.3765134811 0.1759530604 -0.8893465996 0.5584210157
17.1293258667 177.3179321289 11.2639732361 0.1804077178 -0.9149169922 0.5622590184
17.0182628632 174.0990753174 11.1550960541 0.1848974079 -0.9403336048 0.5659458637
16.9054870605 170.9438934326 11.0468931198 0.1894261688 -0.9646666050 0.5694718361
16.7956390381 167.8512268066 10.9400854111 0.1939890683 -0.9879875183 0.5728362799
16.6913414001 164.8199157715 10.8341913223 0.1985840648 -1.0105323792 0.5761323571
16.5871067047 161.8492431641 10.7274894714 0.2032095641 -1.0322546959 0.5792684555
16.4826774597 158.9379272461 10.6212081909 0.2078600675 -1.0533154011 0.5823808908
16.3803558350 156.0846710205 10.5183601379 0.2125374377 -1.0737526417 0.5854680538
16.2774696350 153.2882232666 10.4173870087 0.2172364146 -1.0936141014 0.5885757804
16.1738262177 150.5473937988 10.3186407089 0.2219592184 -1.1128735542 0.5916633010
16.0728530884 147.8608703613 10.2207603455 0.2267003506 -1.1316275597 0.5946820974
15.9750747681 145.2271728516 10.1229648590 0.2314486951 -1.1500465870 0.5975813866
15.8711805344 142.6448211670 10.0316925049 0.2361927778 -1.1683404446 0.6003433466
15.7620592117 140.1119842529 9.9458045959 0.2409295291 -1.1866497993 0.6029095054
15.6488094330 137.6274414062 9.8621988297 0.2456603944 -1.2050306797 0.6052836776
15.5330219269 135.1899261475 9.7796535492 0.2503824234 -1.2231230736 0.6075096726
15.4161739349 132.7986602783 9.7013168335 0.2550998628 -1.2407898903 0.6095734835
15.3007860184 130.4529418945 9.6284170151 0.2598121464 -1.2580490112 0.6114288568
15.1881504059 128.1517486572 9.5551090240 0.2645178139 -1.2747466564 0.6130624413
15.0768480301 125.8942718506 9.4766597748 0.2692271173 -1.2912285328 0.6145391464
14.9646692276 123.6794052124 9.3977584839 0.2739386559 -1.3075470924 0.6159101129
14.8565139771 121.5056152344 9.3213396072 0.2786656916 -1.3237214088 0.6171699166
14.7500839233 119.3719787598 9.2478971481 0.2834157050 -1.3393115997 0.6182797551
14.6451902390 117.2777938843 9.1794681549 0.2881902158 -1.3543605804 0.6191939712
14.5419187546 115.2224502563 9.1119709015 0.2929816544 -1.3687384129 0.6198171973
14.4436836243 113.2052459717 9.0433721542 0.2977810502 -1.3824129105 0.6201200485
14.3525485992 111.2252883911 8.9698715210 0.3025909364 -1.3952851295 0.6202170849
14.2662124634 109.2812805176 8.8913497925 0.3074098229 -1.4072191715 0.6201445460
14.1806612015 107.3720855713 8.8117856979 0.3122381270 -1.4183175564 0.6199854612
14.0979146957 105.4972610474 8.7335042953 0.3170668483 -1.4289534092 0.6197967529
14.0159673691 103.6566543579 8.6579113007 0.3218972981 -1.4392566681 0.6197887659
13.9376754761 101.8496627808 8.5820980072 0.3267339170 -1.4493954182 0.6199259758
13.8592453003 100.0757446289 8.5086994171 0.3315795362 -1.4594078064 0.6201661229
13.7800207138 98.3341140747 8.4377355576 0.3364333212 -1.4692831039 0.6205496788
13.6968479156 96.6235198975 8.3707580566 0.3412897289 -1.4790284634 0.6210973263
13.6089305878 94.9434738159 8.3101329803 0.3461479545 -1.4886963367 0.6216750145
13.5213537216 93.2935180664 8.2543334961 0.3510002792 -1.4983689785 0.6223546863
13.4370574951 91.6730957031 8.1975603104 0.3558455110 -1.5080845356 0.6231067181
13.3551015854 90.0815963745 8.1388893127 0.3606757820 -1.5179538727 0.6238982677
13.2761983871 88.5181808472 8.0798416138 0.3654851913 -1.5278124809 0.6248796582
13.1978340149 86.9824981689 8.0241937637 0.3702718616 -1.5379893780 0.6258921623
13.1207218170 85.4741058350 7.9733800888 0.3750411570 -1.5483069420 0.6269900799
13.0434770584 83.9927749634 7.9271793365 0.3797938228 -1.5586888790 0.6281780005
12.9671316147 82.5384216309 7.8827853203 0.3845272362 -1.5692448616 0.6294806004
12.8924226761 81.1104888916 7.8390250206 0.3892395496 -1.5796947479 0.6309379339
12.8208827972 79.7081222534 7.7941923141 0.3939400911 -1.5898776054 0.6325131655
12.7549915314 78.3305816650 7.7445969582 0.3986241817 -1.5998399258 0.6342499852
12.6932935715 76.9771041870 7.6929969788 0.4032913148 -1.6095530987 0.6360472441
12.6351499557 75.6473541260 7.6368088722 0.4079322815 -1.6189706326 0.6378619671
12.5824422836 74.3409652710 7.5793352127 0.4125529230 -1.6283690929 0.6396634579
12.5302286148 73.0576477051 7.5236759186 0.4171539247 -1.6378700733 0.6414909363
12.4764719009 71.7976455688 7.4715266228 0.4217396975 -1.6477322578 0.6432359815
12.4228677750 70.5608901978 7.4197945595 0.4263052344 -1.6579115391 0.6448570490
12.3668651581 69.3471679688 7.3713879585 0.4308514297 -1.6683173180 0.6463080645
12.3114862442 68.1555252075 7.3241181374 0.4353793263 -1.6787290573 0.6475528479
12.2561559677 66.9853591919 7.2785015106 0.4398869574 -1.6888666153 0.6486387253
12.1998224258 65.8364257812 7.2339453697 0.4443791509 -1.6988742352 0.6495884061
12.1423120499 64.7086563110 7.1893925667 0.4488569796 -1.7088699341 0.6503515244
12.0868482590 63.6015930176 7.1419191360 0.4533134103 -1.7187857628 0.6509625316
12.0331954956 62.5141143799 7.0942411423 0.4577513635 -1.7286658287 0.6514985561
11.9808063507 61.4456520081 7.0462965965 0.4621707201 -1.7383491993 0.6520258188
11.9294185638 60.3961830139 7.0000281334 0.4665743113 -1.7479872704 0.6525383592
11.8782396317 59.3654022217 6.9539380074 0.4709543884 -1.7575097084 0.6530018449
11.8278884888 58.3531112671 6.9071397781 0.4753089249 -1.7669737339 0.6534032822
11.7810688019 57.3589897156 6.8576316833 0.4796420634 -1.7762386799 0.6537082791
11.7349758148 56.3831863403 6.8076090813 0.4839538932 -1.7859065533 0.6538924575
11.6893348694 55.4253463745 6.7581057549 0.4882480204 -1.7961812019 0.6539840698
11.6417865753 54.4851799011 6.7110309601 0.4925280511 -1.8067514896 0.6539964676
11.5890893936 53.5621261597 6.6681628227 0.4967971444 -1.8175518513 0.6539292336
11.5337772369 52.6560020447 6.6288919449 0.5010612011 -1.8284690380 0.6537923813
11.4765768051 51.7660789490 6.5921163559 0.5053236485 -1.8391513824 0.6535837054
11.4211740494 50.8921623230 6.5541796684 0.5095841885 -1.8494844437 0.6533280611
11.3646726608 50.0339355469 6.5159382820 0.5138460398 -1.8594241142 0.6530979872
11.3100881577 49.1912803650 6.4763908386 0.5181015730 -1.8692064285 0.6529014111
11.2564516068 48.3636550903 6.4350824356 0.5223579407 -1.8789279461 0.6526350975
11.2040548325 47.5506019592 6.3964009285 0.5266138315 -1.8886506557 0.6523073912
11.1528291702 46.7519340515 6.3581199646 0.5308659077 -1.8984055519 0.6518543959
11.1023416519 45.9670829773 6.3216876984 0.5351181030 -1.9082272053 0.6512573957
11.0530090332 45.1960105896 6.2853841782 0.5393734574 -1.9180107117 0.6505142450
11.0040998459 44.4386482239 6.2490029335 0.5436311364 -1.9277465343 0.6496658325
10.9546785355 43.6952934265 6.2139067650 0.5478920341 -1.9375741482 0.6487354636
10.9096660614 42.9657020569 6.1756153107 0.5521489978 -1.9474947453 0.6477774382
10.8665676117 42.2494430542 6.1373143196 0.5563971996 -1.9572043419 0.6467319131
10.8223133087 41.5461997986 6.0998468399 0.5606284142 -1.9666755199 0.6455720067
10.7740564346 40.8559265137 6.0665569305 0.5648510456 -1.9763028622 0.6443459988
10.7223854065 40.1784286499 6.0374073982 0.5690642595 -1.9861316681 0.6430767775
10.6700859070 39.5134124756 6.0086731911 0.5732649565 -1.9961023331 0.6417658329
10.6166725159 38.8605194092 5.9805207253 0.5774560571 -2.0063006878 0.6404422522
10.5626821518 38.2192077637 5.9541764259 0.5816292763 -2.0166563988 0.6390683651
10.5077877045 37.5894432068 5.9273262024 0.5857821703 -2.0271039009 0.6376982331
10.4538316727 36.9714088440 5.9000453949 0.5899131298 -2.0378351212 0.6363199949
10.3991775513 36.3650283813 5.8716506958 0.5940258503 -2.0488476753 0.6349717379
10.3454370499 35.7697982788 5.8414897919 0.5981183052 -2.0600163937 0.6335679889
10.2931966782 35.1852874756 5.8103637695 0.6021897793 -2.0712256432 0.6321678162
10.2407417297 34.6111221313 5.7797431946 0.6062410474 -2.0823621750 0.6308677793
10.1896095276 34.0473861694 5.7483034134 0.6102699041 -2.0937192440 0.6296344995
10.1397562027 33.4936790466 5.7160944939 0.6142718792 -2.1051681042 0.6284457445
10.0916881561 32.9498176575 5.6829123497 0.6182507277 -2.1168005466 0.6272500157
10.0453882217 32.4158439636 5.6491036415 0.6222092509 -2.1285331249 0.6260374784
10.0014638901 31.8913917542 5.6138215065 0.6261512041 -2.1403765678 0.6248427033
9.9588279724 31.3761043549 5.5790328979 0.6300686002 -2.1520948410 0.6235775948
9.9173336029 30.8693885803 5.5439515114 0.6339602470 -2.1635377407 0.6222470999
9.8787145615 30.3712425232 5.5076546669 0.6378225088 -2.1748018265 0.6208836436
9.8421850204 29.8815650940 5.4698586464 0.6416538954 -2.1859443188 0.6195374131
9.8047103882 29.4003314972 5.4342064857 0.6454662085 -2.1968746185 0.6182219982
9.7669973373 28.9274444580 5.4008312225 0.6492667794 -2.2077023983 0.6169646978
9.7282228470 28.4627628326 5.3685250282 0.6530484557 -2.2186529636 0.6157352328
9.6898498535 28.0058422089 5.3371167183 0.6567988992 -2.2296547890 0.6144438982
9.6538667679 27.5565528870 5.3039436340 0.6605166793 -2.2402715683 0.6131584644
9.6175193787 27.1147270203 5.2711033821 0.6642062068 -2.2505366802 0.6118675470
9.5836105347 26.6803054810 5.2376465797 0.6678768396 -2.2605574131 0.6106088161
9.5495872498 26.2530918121 5.2036294937 0.6715344191 -2.2707045078 0.6094316244
9.5149431229 25.8329925537 5.1702342033 0.6751806140 -2.2812032700 0.6084318757
9.4788007736 25.4201126099 5.1402745247 0.6788197756 -2.2918272018 0.6076208949
9.4407863617 25.0144577026 5.1113762856 0.6824500561 -2.3023939133 0.6069047451
9.4009628296 24.6161251068 5.0821948051 0.6860830784 -2.3130095005 0.6063594818
9.3611984253 24.2249660492 5.0498952866 0.6897215247 -2.3238241673 0.6059575081
9.3234729767 23.8409633636 5.0193881989 0.6933550835 -2.3353397846 0.6056370735
9.2870473862 23.4638690948 4.9891691208 0.6969749928 -2.3473393917 0.6053403616
9.2509603500 23.0937576294 4.9568486214 0.7005858421 -2.3595166206 0.6051115990
9.2150239944 22.7305812836 4.9243144989 0.7041917443 -2.3719024658 0.6048346162
9.1756887436 22.3743419647 4.8954081535 0.7077991366 -2.3844826221 0.6045242548
9.1352634430 22.0248775482 4.8671054840 0.7114074826 -2.3973381519 0.6041506529
9.0937347412 21.6820735931 4.8405227661 0.7150134444 -2.4104845524 0.6036934853
9.0511817932 21.3454742432 4.8158116341 0.7186099291 -2.4237835407 0.6031316519
9.0081386566 21.0148906708 4.7907519341 0.7221885920 -2.4370038509 0.6024585366
8.9667291641 20.6903305054 4.7658262253 0.7257489562 -2.4501717091 0.6017066240
8.9272003174 20.3715057373 4.7391343117 0.7292800546 -2.4632728100 0.6008415222
8.8886013031 20.0585231781 4.7123737335 0.7327868342 -2.4763727188 0.5998760462
8.8501930237 19.7508907318 4.6867060661 0.7362710238 -2.4894034863 0.5988670588
8.8119363785 19.4486942291 4.6612939835 0.7397444844 -2.5023579597 0.5977835059
8.7747373581 19.1519107819 4.6365513802 0.7432128787 -2.5152313709 0.5966150761
8.7389554977 18.8602924347 4.6122293472 0.7466669083 -2.5279414654 0.5953677297
8.7047262192 18.5735073090 4.5878725052 0.7500979900 -2.5405609608 0.5940781832
8.6716423035 18.2914905548 4.5631031990 0.7535053492 -2.5531065464 0.5927453041
8.6373844147 18.0141601562 4.5403528214 0.7568874359 -2.5654757023 0.5913579464
8.6037645340 17.7414798737 4.5189995766 0.7602475882 -2.5777387619 0.5898478031
8.5703601837 17.4734497070 4.4981880188 0.7635734081 -2.5899553299 0.5883260369
8.5381202698 17.2100143433 4.4761090279 0.7668789029 -2.6021540165 0.5867916346
8.5050249100 16.9511852264 4.4556789398 0.7701748013 -2.6142263412 0.5852734447
8.4717454910 16.6971015930 4.4360556602 0.7734498382 -2.6260805130 0.5837662220
8.4386949539 16.4478664398 4.4162731171 0.7766991854 -2.6379811764 0.5822432041
8.4044466019 16.2030315399 4.3980841637 0.7799404860 -2.6497614384 0.5807013512
8.3692350388 15.9626693726 4.3816823959 0.7831749916 -2.6614844799 0.5791947842
8.3360748291 15.7265815735 4.3635969162 0.7864033580 -2.6730322838 0.5776848793
8.3056068420 15.4948492050 4.3429512978 0.7896246910 -2.6844179630 0.5761411190
8.2785024643 15.2674112320 4.3191785812 0.7928359509 -2.6959240437 0.5745897293
8.2537117004 15.0441312790 4.2933192253 0.7960292697 -2.7074253559 0.5730674863
8.2305259705 14.8251266479 4.2665452957 0.7992100120 -2.7191948891 0.5715605617
8.2076139450 14.6101484299 4.2404041290 0.8023770452 -2.7309298515 0.5701172352
8.1855869293 14.3989410400 4.2140531540 0.8055360913 -2.7424359322 0.5687761307
8.1629619598 14.1913738251 4.1889224052 0.8086975217 -2.7537572384 0.5675444603
8.1403961182 13.9872846603 4.1650004387 0.8118565679 -2.7650535107 0.5663533211
8.1177282333 13.7867956161 4.1424641609 0.8150132298 -2.7762198448 0.5652281046
8.0936803818 13.5899248123 4.1216111183 0.8181661963 -2.7871477604 0.5641346574
8.0677833557 13.3967924118 4.1021866798 0.8213124275 -2.7979278564 0.5631526113
8.0422954559 13.2074899673 4.0835208893 0.8244438767 -2.8086709976 0.5622512102
8.0169076920 13.0221014023 4.0646157265 0.8275696635 -2.8195130825 0.5614631176
7.9904007912 12.8403129578 4.0463762283 0.8306883574 -2.8304386139 0.5607705712
7.9632267952 12.6616220474 4.0291891098 0.8337870240 -2.8412520885 0.5601071119
7.9360923767 12.4859447479 4.0126342773 0.8368626833 -2.8518188000 0.5594648123
7.9106488228 12.3132219315 3.9942874908 0.8399158120 -2.8621053696 0.5588001013
7.8865985870 12.1435556412 3.9745409489 0.8429471254 -2.8723502159 0.5581118464
7.8631439209 11.9771442413 3.9543571472 0.8459587693 -2.8827452660 0.5574542284
7.8401393890 11.8138971329 3.9348468781 0.8489378691 -2.8931045532 0.5568203926
7.8174571991 11.6537361145 3.9155209064 0.8518841863 -2.9034423828 0.5561519861
7.7961502075 11.4963788986 3.8957176208 0.8548070192 -2.9135584831 0.5554278493
7.7748365402 11.3417377472 3.8762311935 0.8577173352 -2.9236686230 0.5546187162
7.7529969215 11.1897506714 3.8576683998 0.8606149554 -2.9339623451 0.5538061857
7.7296500206 11.0404186249 3.8398177624 0.8634995222 -2.9445791245 0.5529391766
7.7053956985 10.8936243057 3.8230767250 0.8663723469 -2.9553699493 0.5519680381
7.6820764542 10.7491922379 3.8070654869 0.8692410588 -2.9661607742 0.5509076118
7.6600894928 10.6072673798 3.7903809547 0.8720848560 -2.9768610001 0.5497378111
7.6381297112 10.4678001404 3.7741940022 0.8749096394 -2.9874897003 0.5485091209
7.6152577400 10.3306112289 3.7586095333 0.8777217865 -2.9981565475 0.5471999049
7.5916781425 10.1957044601 3.7433474064 0.8805241585 -3.0087363720 0.5457986593
7.5668120384 10.0632705688 3.7296278477 0.8833186030 -3.0192923546 0.5444496274
7.5411782265 9.9332876205 3.7165172100 0.8861003518 -3.0296754837 0.5431054831
7.5156807899 9.8055868149 3.7033820152 0.8888798356 -3.0400097370 0.5417141914
7.4904632568 9.6802005768 3.6906580925 0.8916556835 -3.0501270294 0.5402898192
7.4651594162 9.5569972992 3.6781163216 0.8944290280 -3.0601859093 0.5388607383
7.4405331612 9.4360036850 3.6649622917 0.8971958756 -3.0700767040 0.5374410748
7.4176921844 9.3171663284 3.6502807140 0.8999488354 -3.0797934532 0.5360723734
7.3971877098 9.2003154755 3.6333928108 0.9026963115 -3.0893015862 0.5347428322
7.3768858910 9.0852470398 3.6168122292 0.9054390788 -3.0989706516 0.5334565639
7.3560028076 8.9719324112 3.6017630100 0.9081760645 -3.1084382534 0.5322947502
7.3341512680 8.8602924347 3.5883836746 0.9109011292 -3.1177651882 0.5311907530
7.3125643730 8.7502870560 3.5755357742 0.9136160612 -3.1270098686 0.5300763249
7.2928218842 8.6419305801 3.5618524551 0.9163165092 -3.1361973286 0.5289849043
7.2748403549 8.5351858139 3.5469207764 0.9189937115 -3.1452238560 0.5280307531
7.2565240860 8.4304132462 3.5326819420 0.9216472507 -3.1541371346 0.5271949768
7.2365555763 8.3274784088 3.5194356441 0.9242749810 -3.1628286839 0.5264107585
7.2166719437 8.2265253067 3.5062050819 0.9268833399 -3.1712782383 0.5256179571
7.1978955269 8.1274976730 3.4915571213 0.9294718504 -3.1793749332 0.5247970223
7.1814351082 8.0302143097 3.4758796692 0.9320476651 -3.1873643398 0.5239371657
7.1655998230 7.9343228340 3.4601309299 0.9346106052 -3.1951379776 0.5230859518
7.1496567726 7.8396735191 3.4445319176 0.9371697307 -3.2027840614 0.5222571492
7.1334023476 7.7461385727 3.4306182861 0.9397204518 -3.2104253769 0.5215054154
7.1170105934 7.6539840698 3.4181363583 0.9422574043 -3.2179868221 0.5208055973
7.1014699936 7.5635499954 3.4046862125 0.9447788596 -3.2253706455 0.5201402903
7.0879101753 7.4753017426 3.3899023533 0.9472712278 -3.2331168652 0.5194513798
7.0749421120 7.3887457848 3.3746907711 0.9497399926 -3.2407462597 0.5187656879
7.0607843399 7.3035888672 3.3608732224 0.9521822333 -3.2482373714 0.5181760788
7.0463900566 7.2197098732 3.3477723598 0.9546215534 -3.2557582855 0.5177038908
7.0341000557 7.1371335983 3.3335878849 0.9570523500 -3.2632172108 0.5172808170
7.0220985413 7.0560002327 3.3190417290 0.9594644308 -3.2706558704 0.5167890787
7.0094337463 6.9760932922 3.3055667877 0.9618587494 -3.2778751850 0.5162625313
6.9963970184 6.8977932930 3.2917811871 0.9642237425 -3.2851159573 0.5157291889
6.9832849503 6.8207645416 3.2782726288 0.9665676355 -3.2922875881 0.5152454972
6.9702672958 6.7449946404 3.2650904655 0.9689002633 -3.2992911339 0.5147683620
6.9576473236 6.6706399918 3.2511305809 0.9712281823 -3.3062005043 0.5143001080
6.9449229240 6.5974583626 3.2368922234 0.9735381007 -3.3131313324 0.5138405561
6.9323191643 6.5253548622 3.2238581181 0.9758245349 -3.3202099800 0.5133329034
6.9192848206 6.4546422958 3.2120771408 0.9780970216 -3.3276343346 0.5128612518
6.9051675797 6.3850808144 3.2011961937 0.9803450704 -3.3352434635 0.5123809576
6.8904433250 6.3169026375 3.1911718845 0.9825807214 -3.3430695534 0.5119017363
6.8765039444 6.2496418953 3.1806387901 0.9848020673 -3.3506810665 0.5114020109
6.8630619049 6.1835827827 3.1698656082 0.9870041609 -3.3583772182 0.5109020472
6.8502292633 6.1187105179 3.1581001282 0.9891747832 -3.3659839630 0.5104148388
6.8367648125 6.0553956032 3.1463079453 0.9913287759 -3.3737027645 0.5100021362
6.8236145973 5.9928016663 3.1350655556 0.9934694767 -3.3812606335 0.5096291304
6.8101229668 5.9310879707 3.1247546673 0.9956027865 -3.3887910843 0.5092812777
6.7969541550 5.8699140549 3.1147563457 0.9977328777 -3.3961999416 0.5089438558
6.7827582359 5.8099560738 3.1060729027 0.9998736978 -3.4035623074 0.5085577965
6.7682480812 5.7514958382 3.0968523026 1.0020155907 -3.4107577801 0.5080800653
6.7534308434 5.6942667961 3.0873706341 1.0041388273 -3.4176456928 0.5075385571
6.7387471199 5.6379213333 3.0780138969 1.0062551498 -3.4243083000 0.5070245266
6.7240014076 5.5827145576 3.0683395863 1.0083620548 -3.4309542179 0.5065724850
6.7095232010 5.5284938812 3.0584313869 1.0104608536 -3.4374797344 0.5061731935
6.6964426041 5.4747767448 3.0481493473 1.0125458241 -3.4439158440 0.5057696104
6.6827912331 5.4216866493 3.0387892723 1.0146185160 -3.4503173828 0.5053225756
6.6682362556 5.3697066307 3.0303778648 1.0166864395 -3.4569513798 0.5048223734
6.6544795036 5.3187060356 3.0215256214 1.0187438726 -3.4636616707 0.5043686032
6.6413254738 5.2682943344 3.0121762753 1.0207983255 -3.4702479839 0.5039046407
6.6289596558 5.2188243866 3.0027258396 1.0228450298 -3.4771776199 0.5034500360
6.6166815758 5.1703052521 2.9925491810 1.0248785019 -3.4841525555 0.5030437112
6.6036028862 5.1225247383 2.9825479984 1.0268970728 -3.4909474850 0.5026546121
6.5901298523 5.0755858421 2.9729797840 1.0289175510 -3.4977102280 0.5022923946
6.5762209892 5.0295238495 2.9636604786 1.0309270620 -3.5046243668 0.5019441843
6.5627121925 4.9840059280 2.9543483257 1.0329080820 -3.5113608837 0.5015792847
6.5497751236 4.9392275810 2.9441933632 1.0348787308 -3.5176277161 0.5012316704
6.5382609367 4.8954524994 2.9323990345 1.0368398428 -3.5239112377 0.5008656979
6.5268559456 4.8524675369 2.9210474491 1.0387855768 -3.5301840305 0.5005216599
6.5154209137 4.8097457886 2.9101676941 1.0407133102 -3.5360765457 0.5001508594
6.5034146309 4.7676215172 2.8999226093 1.0426366329 -3.5416543484 0.4997105002
6.4911832809 4.7264842987 2.8897321224 1.0445601940 -3.5472393036 0.4992740154
6.4786467552 4.6860795021 2.8802955151 1.0464842319 -3.5528779030 0.4988363385
6.4663591385 4.6460242271 2.8711748123 1.0484054089 -3.5584628582 0.4983837306
6.4546313286 4.6065034866 2.8616695404 1.0503234863 -3.5639476776 0.4979192019
6.4429349899 4.5680851936 2.8518700600 1.0522396564 -3.5694837570 0.4974613786
6.4314222336 4.5307130814 2.8421988487 1.0541416407 -3.5751330853 0.4969233274
6.4195737839 4.4937930107 2.8330194950 1.0560269356 -3.5804867744 0.4963611960
6.4072132111 4.4570016861 2.8250632286 1.0579001904 -3.5857570171 0.4958131313
6.3946185112 4.4207391739 2.8177456856 1.0597614050 -3.5914075375 0.4952186346
6.3827171326 4.3849091530 2.8103008270 1.0616078377 -3.5973536968 0.4945861697
6.3715462685 4.3493418694 2.8024756908 1.0634381771 -3.6033380032 0.4939607084
6.3612194061 4.3142914772 2.7948651314 1.0652499199 -3.6093878746 0.4932794869
6.3515295982 4.2802066803 2.7861104012 1.0670546293 -3.6156296730 0.4925735891
6.3417210579 4.2469220161 2.7774982452 1.0688544512 -3.6217510700 0.4918402433
6.3318424225 4.2139430046 2.7695641518 1.0706429482 -3.6276865005 0.4911440611
6.3217563629 4.1812791824 2.7624347210 1.0724118948 -3.6336994171 0.4904832840
6.3116335869 4.1493725777 2.7555348873 1.0741819143 -3.6398804188 0.4898269773
6.3030977249 4.1181344986 2.7470362186 1.0759403706 -3.6460268497 0.4891771674
6.2948131561 4.0875358582 2.7382493019 1.0776708126 -3.6520671844 0.4886121154
6.2861237526 4.0572218895 2.7293825150 1.0793743134 -3.6577415466 0.4881131053
6.2777132988 4.0272498131 2.7207078934 1.0810493231 -3.6630082130 0.4876617789
6.2685904503 3.9983491898 2.7120378017 1.0827074051 -3.6685538292 0.4871619344
6.2585177422 3.9702482224 2.7040259838 1.0843650103 -3.6742198467 0.4866394103
6.2486491203 3.9427869320 2.6964318752 1.0860153437 -3.6799883842 0.4861182570
6.2391419411 3.9153478146 2.6882934570 1.0876637697 -3.6856079102 0.4856480062
6.2296299934 3.8878777027 2.6810185909 1.0893007517 -3.6908948421 0.4851863384
6.2197284698 3.8609428406 2.6744956970 1.0909364223 -3.6962819099 0.4847863913
6.2093071938 3.8345143795 2.6683051586 1.0925757885 -3.7017095089 0.4844126105
6.1991882324 3.8085634708 2.6620163918 1.0942027569 -3.7073230743 0.4840312898
6.1899328232 3.7828598022 2.6558864117 1.0958110094 -3.7128424644 0.4836430848
6.1796178818 3.7568964958 2.6512846947 1.0973997116 -3.7181770802 0.4832351506
6.1705245972 3.7309870720 2.6463329792 1.0989813805 -3.7234163284 0.4828063846
6.1614613533 3.7058281898 2.6412312984 1.1005567312 -3.7285327911 0.4824171066
6.1523089409 3.6815154552 2.6353492737 1.1021277905 -3.7337470055 0.4820414782
6.1423268318 3.6577923298 2.6306567192 1.1037057638 -3.7392318249 0.4816570580
6.1329669952 3.6339998245 2.6259391308 1.1052687168 -3.7444972992 0.4813157916
6.1244435310 3.6102578640 2.6201293468 1.1068102121 -3.7495625019 0.4809888601
6.1159400940 3.5871140957 2.6144757271 1.1083496809 -3.7546086311 0.4807175398
6.1078739166 3.5646152496 2.6079971790 1.1098812819 -3.7597906590 0.4805074930
6.1003360748 3.5427868366 2.6009137630 1.1114025116 -3.7649548054 0.4802868962
6.0930595398 3.5213418007 2.5936772823 1.1129164696 -3.7699067593 0.4800794125
6.0843296051 3.5003337860 2.5876300335 1.1144303083 -3.7748122215 0.4798485041
6.0742464066 3.4797892570 2.5829973221 1.1159365177 -3.7798750401 0.4795854092
6.0642228127 3.4591214657 2.5788729191 1.1174365282 -3.7848734856 0.4793229103
6.0557446480 3.4388186932 2.5736124516 1.1189193726 -3.7899041176 0.4790377915
6.0477414131 3.4189245701 2.5678927898 1.1203868389 -3.7948548794 0.4787624478
6.0398697853 3.3991551399 2.5619890690 1.1218587160 -3.7997567654 0.4785451591
6.0320191383 3.3797109127 2.5561301708 1.1233203411 -3.8046443462 0.4782678187
6.0242257118 3.3604371548 2.5505154133 1.1247599125 -3.8094305992 0.4779234827
6.0166492462 3.3417606354 2.5444877148 1.1261759996 -3.8144075871 0.4775900245
6.0095143318 3.3235778809 2.5380437374 1.1275805235 -3.8193440437 0.4772471488
6.0022935867 3.3055975437 2.5316021442 1.1289726496 -3.8240063190 0.4768769145
5.9950733185 3.2879157066 2.5257055759 1.1303535700 -3.8286304474 0.4765545130
5.9875020981 3.2706923485 2.5199704170 1.1317245960 -3.8333439827 0.4762531221
5.9788355827 3.2537689209 2.5155317783 1.1330797672 -3.8381016254 0.4759227335
5.9709467888 3.2367181778 2.5110528469 1.1344341040 -3.8428068161 0.4755948186
5.9643578529 3.2194700241 2.5058033466 1.1357775927 -3.8474965096 0.4752636552
5.9574141502 3.2024817467 2.5015299320 1.1371128559 -3.8523542881 0.4749545455
5.9507203102 3.1859979630 2.4971017838 1.1384193897 -3.8573968410 0.4746152461
5.9439048767 3.1698009968 2.4926404953 1.1397156715 -3.8620042801 0.4742214382
5.9378709793 3.1540601254 2.4871706963 1.1410049200 -3.8663113117 0.4737567902
5.9322261810 3.1389248371 2.4812028408 1.1422919035 -3.8707625866 0.4732754827
5.9255237579 3.1240992546 2.4763500690 1.1435847282 -3.8752305508 0.4728499651
5.9188766479 3.1091284752 2.4716758728 1.1448782682 -3.8795149326 0.4724341631
5.9133110046 3.0941503048 2.4662084579 1.1461739540 -3.8837170601 0.4720127881
5.9094467163 3.0795996189 2.4590866566 1.1474647522 -3.8881504536 0.4715582728
5.9052844048 3.0655355453 2.4524526596 1.1487504244 -3.8927137852 0.4710997939
5.8999433517 3.0512804985 2.4473414421 1.1500279903 -3.8970887661 0.4706536531
5.8934054375 3.0371339321 2.4429948330 1.1513037682 -3.9010846615 0.4702038765
5.8862776756 3.0233340263 2.4392161369 1.1525733471 -3.9049041271 0.4697529078
5.8783349991 3.0100643635 2.4355993271 1.1538524628 -3.9086878300 0.4694201350
5.8710117340 2.9971349239 2.4313657284 1.1551346779 -3.9124238491 0.4691515565
5.8636965752 2.9839396477 2.4274551868 1.1564131975 -3.9160883427 0.4689174294
5.8561959267 2.9704256058 2.4240081310 1.1576915979 -3.9196372032 0.4686920345
5.8494496346 2.9570395947 2.4206495285 1.1589697599 -3.9232492447 0.4683649540
5.8439998627 2.9442188740 2.4159603119 1.1602498293 -3.9270603657 0.4680235386
5.8387937546 2.9320554733 2.4108488560 1.1615335941 -3.9310681820 0.4676359892
5.8321628571 2.9200725555 2.4071943760 1.1628134251 -3.9348983765 0.4672857523
5.8262295723 2.9081463814 2.4028537273 1.1640896797 -3.9386022091 0.4669394195
5.8208670616 2.8961839676 2.3981835842 1.1653661728 -3.9421510696 0.4665670991
5.8162040710 2.8845376968 2.3929045200 1.1666402817 -3.9458549023 0.4661803246
5.8114395142 2.8730356693 2.3882579803 1.1678961515 -3.9497339725 0.4657895565
5.8068327904 2.8612568378 2.3838717937 1.1691311598 -3.9534163475 0.4653288722
5.8015151024 2.8493828773 2.3803420067 1.1703559160 -3.9569199085 0.4648391604
5.7953333855 2.8379173279 2.3774528503 1.1715862751 -3.9605116844 0.4643772840
5.7891740799 2.8267369270 2.3743181229 1.1728162766 -3.9639580250 0.4639114738
5.7835607529 2.8161630630 2.3701732159 1.1740419865 -3.9673519135 0.4634417892
5.7775430679 2.8055570126 2.3662564754 1.1752641201 -3.9705443382 0.4628938735
5.7720179558 2.7949635983 2.3620851040 1.1764897108 -3.9737856388 0.4623660445
5.7664475441 2.7845337391 2.3582360744 1.1777274609 -3.9771652222 0.4618107975
5.7607078552 2.7739677429 2.3551414013 1.1789673567 -3.9804279804 0.4612770677
5.7553329468 2.7635264397 2.3516755104 1.1802006960 -3.9837718010 0.4607392550
5.7510151863 2.7529969215 2.3472983837 1.1814153194 -3.9868807793 0.4602037072
5.7466483116 2.7424852848 2.3430471420 1.1826087236 -3.9898312092 0.4596651196
5.7417287827 2.7322947979 2.3393793106 1.1837848425 -3.9929938316 0.4591154456
5.7359414101 2.7225468159 2.3364923000 1.1849646568 -3.9963114262 0.4585098922
5.7299866676 2.7126386166 2.3337292671 1.1861270666 -3.9992606640 0.4579060376
5.7241868973 2.7026820183 2.3305487633 1.1872768402 -4.0018596649 0.4573378563
5.7180104256 2.6929240227 2.3279240131 1.1884185076 -4.0047063828 0.4567788541
5.7121539116 2.6833667755 2.3256714344 1.1895494461 -4.0078258514 0.4561918974
5.7075562477 2.6735165119 2.3222322464 1.1906584501 -4.0107212067 0.4555955231
5.7032876015 2.6635918617 2.3185281754 1.1917535067 -4.0133533478 0.4550390542
5.6993713379 2.6540703773 2.3144016266 1.1928502321 -4.0159978867 0.4545003772
5.6944975853 2.6450915337 2.3109340668 1.1939359903 -4.0188407898 0.4539771676
5.6889257431 2.6361775398 2.3080008030 1.1949965954 -4.0214576721 0.4534780681
5.6840872765 2.6271297932 2.3044123650 1.1960399151 -4.0238180161 0.4530403018
5.6794071198 2.6181051731 2.3008871078 1.1970840693 -4.0260839462 0.4526212215
5.6750607491 2.6095211506 2.2971215248 1.1981278658 -4.0288472176 0.4522148669
5.6711840630 2.6010921001 2.2935280800 1.1991652250 -4.0318689346 0.4517849088
5.6672244072 2.5924432278 2.2900557518 1.2001851797 -4.0346765518 0.4512887001
5.6635804176 2.5836782455 2.2857599258 1.2012032270 -4.0371122360 0.4508058727
5.6603569984 2.5748083591 2.2819678783 1.2022237778 -4.0393567085 0.4503305852
5.6560945511 2.5663440228 2.2785253525 1.2032473087 -4.0419721603 0.4498440027
5.6517028809 2.5582869053 2.2756114006 1.2042759657 -4.0448522568 0.4493466616
5.6468315125 2.5502939224 2.2731695175 1.2053076029 -4.0474834442 0.4488632679
5.6419267654 2.5422079563 2.2704179287 1.2063347101 -4.0500125885 0.4483989477
5.6376824379 2.5342452526 2.2675724030 1.2073665857 -4.0526008606 0.4478874207
5.6337594986 2.5264668465 2.2643661499 1.2083969116 -4.0552639961 0.4474241734
5.6303162575 2.5188000202 2.2608561516 1.2094293833 -4.0579056740 0.4470390677
5.6261091232 2.5108618736 2.2580294609 1.2104595900 -4.0603137016 0.4466073513
5.6221055984 2.5028758049 2.2554187775 1.2114846706 -4.0626239777 0.4461491108
5.6182165146 2.4950640202 2.2526192665 1.2125035524 -4.0650072098 0.4457112551
5.6140179634 2.4874439240 2.2500760555 1.2135164738 -4.0674781799 0.4452839494
5.6105604172 2.4797673225 2.2469367981 1.2145295143 -4.0697727203 0.4448685646
5.6066331863 2.4720141888 2.2443957329 1.2155301571 -4.0719804764 0.4444509149
5.6017885208 2.4645464420 2.2427916527 1.2165334225 -4.0743865967 0.4439908564
5.5975503922 2.4575166702 2.2409806252 1.2175444365 -4.0772747993 0.4435226023
5.5935459137 2.4504079819 2.2390341759 1.2185565233 -4.0800037384 0.4430592656
5.5900869370 2.4431328773 2.2367582321 1.2195698023 -4.0826153755 0.4426205456
5.5873270035 2.4361729622 2.2335479259 1.2205933332 -4.0853500366 0.4421484768
5.5840907097 2.4293689728 2.2310388088 1.2216105461 -4.0882406235 0.4416101873
5.5803008080 2.4225554466 2.2289092541 1.2226186991 -4.0908551216 0.4410982728
5.5769901276 2.4156956673 2.2262430191 1.2236227989 -4.0932092667 0.4406450093
5.5730285645 2.4091498852 2.2241938114 1.2246179581 -4.0957307816 0.4401856661
5.5690536499 2.4029948711 2.2218992710 1.2256110907 -4.0983271599 0.4397036135
5.5650272369 2.3963809013 2.2198808193 1.2265961170 -4.1004219055 0.4392291903
5.5617260933 2.3898844719 2.2170090675 1.2275813818 -4.1025400162 0.4388233423
5.5586977005 2.3836977482 2.2137138844 1.2285747528 -4.1048741341 0.4384632707
5.5554366112 2.3773479462 2.2109999657 1.2295606136 -4.1071996689 0.4381150007
5.5515503883 2.3712592125 2.2084507942 1.2305502892 -4.1093482971 0.4377959371
5.5473027229 2.3651158810 2.2063267231 1.2315393686 -4.1113448143 0.4374637008
5.5427656174 2.3591985703 2.2046518326 1.2325237989 -4.1134538651 0.4371283054
5.5379381180 2.3534295559 2.2033481598 1.2334965467 -4.1157875061 0.4368030727
5.5334630013 2.3472251892 2.2018146515 1.2344671488 -4.1178407669 0.4364716709
5.5293745995 2.3411707878 2.2000384331 1.2354362011 -4.1200981140 0.4361205995
5.5249357224 2.3354587555 2.1985940933 1.2363860607 -4.1225838661 0.4357569814
5.5210542679 2.3298165798 2.1965208054 1.2373237610 -4.1249809265 0.4354346395
5.5178894997 2.3238592148 2.1939122677 1.2382563353 -4.1270265579 0.4350970984
5.5143985748 2.3181746006 2.1913433075 1.2391912937 -4.1291379929 0.4346911311
5.5104999542 2.3131496906 2.1890237331 1.2401146889 -4.1316151619 0.4342453480
5.5063757896 2.3079648018 2.1871170998 1.2410284281 -4.1339564323 0.4338279665
5.5020065308 2.3027722836 2.1855704784 1.2419492006 -4.1362371445 0.4333916306
5.4986133575 2.2977600098 2.1830163002 1.2428482771 -4.1384658813 0.4329624772
5.4957208633 2.2924835682 2.1798431873 1.2437329292 -4.1403841972 0.4325733781
5.4928021431 2.2873959541 2.1768875122 1.2446246147 -4.1425952911 0.4322409630
5.4887189865 2.2825944424 2.1747493744 1.2455128431 -4.1448535919 0.4319091737
5.4853610992 2.2774126530 2.1721808910 1.2463937998 -4.1467247009 0.4315786064
5.4827971458 2.2720792294 2.1691815853 1.2472637892 -4.1485824585 0.4312881827
5.4794092178 2.2671303749 2.1666781902 1.2481352091 -4.1504764557 0.4309609830
5.4756932259 2.2624771595 2.1643321514 1.2490061522 -4.1524791718 0.4306082726
5.4721550941 2.2575659752 2.1622958183 1.2498738766 -4.1544256210 0.4302218258
5.4682612419 2.2522447109 2.1610565186 1.2507408857 -4.1563344002 0.4298526049
5.4641475677 2.2473833561 2.1601035595 1.2516011000 -4.1585788727 0.4295493662
5.4595866203 2.2430346012 2.1589999199 1.2524542809 -4.1609477997 0.4292594492
5.4549069405 2.2385585308 2.1580903530 1.2533010244 -4.1630935669 0.4289468527
5.4519548416 2.2341721058 2.1555664539 1.2541527748 -4.1652679443 0.4286457300
5.4500145912 2.2298502922 2.1519074440 1.2549897432 -4.1673707962 0.4283786416
5.4479169846 2.2252008915 2.1484665871 1.2558286190 -4.1692066193 0.4281232953
5.4456272125 2.2207226753 2.1452126503 1.2566682100 -4.1712322235 0.4278796911
5.4422211647 2.2165398598 2.1430532932 1.2575069666 -4.1734194756 0.4276525974
5.4381608963 2.2121369839 2.1414017677 1.2583349943 -4.1753282547 0.4274446964
5.4348506927 2.2079558372 2.1389787197 1.2591581345 -4.1772747040 0.4272927046
5.4315676689 2.2039787769 2.1363279819 1.2599669695 -4.1792545319 0.4271571040
5.4275441170 2.1997265816 2.1347479820 1.2607512474 -4.1810741425 0.4270344377
5.4234867096 2.1956589222 2.1328213215 1.2615222931 -4.1827869415 0.4269636869
5.4203128815 2.1914641857 2.1303455830 1.2622835636 -4.1843042374 0.4268743396
5.4176106453 2.1877031326 2.1273341179 1.2630372047 -4.1863346100 0.4267204702
5.4148979187 2.1835367680 2.1248490810 1.2637809515 -4.1883897781 0.4265704155
5.4118247032 2.1793994904 2.1227414608 1.2645273209 -4.1905012131 0.4265000224
5.4082312584 2.1751253605 2.1212375164 1.2652624846 -4.1924324036 0.4265000224
5.4051442146 2.1706671715 2.1193432808 1.2660077810 -4.1943492889 0.4264252186
5.4017949104 2.1667551994 2.1173372269 1.2667659521 -4.1963996887 0.4262918830
5.3976144791 2.1632344723 2.1155295372 1.2675346136 -4.1982879639 0.4262135029
5.3942036629 2.1593387127 2.1129696369 1.2682843208 -4.1998205185 0.4261446893
5.3911709785 2.1556138992 2.1100952625 1.2690320015 -4.2015514374 0.4260422587
5.3874230385 2.1520197392 2.1082642078 1.2697895765 -4.2036509514 0.4259213209
5.3839874268 2.1481115818 2.1062932014 1.2705453634 -4.2055549622 0.4258092940
5.3811192513 2.1435568333 2.1040229797 1.2712801695 -4.2070064545 0.4257106185
5.3780550957 2.1392965317 2.1013755798 1.2720159292 -4.2085180283 0.4256003499
5.3737497330 2.1354541779 2.1000473499 1.2727581263 -4.2103028297 0.4254933000
5.3693814278 2.1315572262 2.0985429287 1.2735126019 -4.2119827271 0.4254612327
5.3661637306 2.1277542114 2.0960867405 1.2742779255 -4.2135810852 0.4254009128
5.3633651733 2.1241066456 2.0931894779 1.2750495672 -4.2152905464 0.4252670705
5.3597865105 2.1204786301 2.0911939144 1.2758152485 -4.2169284821 0.4250768423
5.3564653397 2.1164190769 2.0894737244 1.2765775919 -4.2185640335 0.4248718619
5.3539490700 2.1126883030 2.0866401196 1.2773504257 -4.2203054428 0.4247569740
5.3515825272 2.1091508865 2.0838031769 1.2781199217 -4.2222223282 0.4246149659
5.3480720520 2.1058075428 2.0817127228 1.2788852453 -4.2239995003 0.4244765639
5.3449349403 2.1020429134 2.0796918869 1.2796463966 -4.2255711555 0.4243062139
5.3412790298 2.0985410213 2.0782437325 1.2804048061 -4.2274885178 0.4241289794
5.3382453918 2.0951845646 2.0763208866 1.2811406851 -4.2294363976 0.4238901734
5.3353133202 2.0916135311 2.0736818314 1.2818653584 -4.2309737206 0.4236597121
5.3322815895 2.0880577564 2.0715115070 1.2825945616 -4.2325105667 0.4234479368
5.3292865753 2.0847835541 2.0689978600 1.2833269835 -4.2341461182 0.4232664108
5.3268280029 2.0813336372 2.0663337708 1.2840635777 -4.2358994484 0.4230763316
5.3230752945 2.0779240131 2.0650076866 1.2848076820 -4.2375907898 0.4228725433
5.3195099831 2.0748124123 2.0632748604 1.2855615616 -4.2394547462 0.4226601124
5.3168621063 2.0716798306 2.0613355637 1.2863258123 -4.2415118217 0.4224312305
5.3145546913 2.0680859089 2.0589618683 1.2870709896 -4.2432594299 0.4221865535
5.3120517731 2.0647106171 2.0567450523 1.2878072262 -4.2450342178 0.4219556451
5.3086118698 2.0616421700 2.0556304455 1.2885562181 -4.2469816208 0.4217932224
5.3051295280 2.0581574440 2.0543086529 1.2892932892 -4.2487602234 0.4216104746
5.3026280403 2.0547900200 2.0525348186 1.2899991274 -4.2506432533 0.4213738739
5.3002629280 2.0515708923 2.0501160622 1.2907078266 -4.2524242401 0.4212043285
5.2976160049 2.0481657982 2.0481691360 1.2914069891 -4.2541418076 0.4210743308
5.2958140373 2.0446481705 2.0456626415 1.2921000719 -4.2557229996 0.4209116697
5.2941246033 2.0417227745 2.0426838398 1.2927845716 -4.2577385902 0.4207541645
5.2906312943 2.0388274193 2.0417737961 1.2934694290 -4.2599077225 0.4206603169
5.2876973152 2.0352904797 2.0401418209 1.2941604853 -4.2614850998 0.4205650687
5.2850146294 2.0318162441 2.0386207104 1.2948504686 -4.2630758286 0.4204391837
5.2827615738 2.0284764767 2.0361776352 1.2955247164 -4.2645597458 0.4203321934
5.2795524597 2.0252969265 2.0345151424 1.2961951494 -4.2660355568 0.4202216864
5.2760024071 2.0220813751 2.0331795216 1.2968696356 -4.2673292160 0.4200991392
5.2725496292 2.0191590786 2.0315430164 1.2975399494 -4.2688469887 0.4199369848
5.2696771622 2.0162172318 2.0294849873 1.2982017994 -4.2704143524 0.4198274016
5.2670178413 2.0130228996 2.0272688866 1.2988708019 -4.2716860771 0.4197617769
5.2640790939 2.0099792480 2.0253093243 1.2995365858 -4.2729907036 0.4196878970
5.2606363297 2.0068974495 2.0241749287 1.3002060652 -4.2744007111 0.4195403159
5.2577104568 2.0041632652 2.0226054192 1.3008873463 -4.2761640549 0.4193286896
5.2545189857 2.0016584396 2.0211720467 1.3015681505 -4.2779850960 0.4191175103
5.2515916824 1.9990155697 2.0192680359 1.3022437096 -4.2794885635 0.4189412594
5.2476835251 1.9961040020 2.0185339451 1.3029218912 -4.2808699608 0.4187619686
5.2443151474 1.9929933548 2.0173149109 1.3036150932 -4.2822732925 0.4186272919
5.2407760620 1.9896861315 2.0166826248 1.3043016195 -4.2836103439 0.4184446335
5.2379913330 1.9867234230 2.0151693821 1.3049796820 -4.2853040695 0.4182382226
5.2349696159 1.9840251207 2.0136055946 1.3056602478 -4.2870121002 0.4180558324
5.2319788933 1.9814194441 2.0117235184 1.3063423634 -4.2883677483 0.4178877473
5.2285361290 1.9790298939 2.0101518631 1.3070193529 -4.2898550034 0.4177018404
5.2248334885 1.9765133858 2.0092003345 1.3077062368 -4.2914509773 0.4175060987
5.2213563919 1.9741336107 2.0080089569 1.3083904982 -4.2932167053 0.4172928929
5.2187976837 1.9718289375 2.0058877468 1.3090701103 -4.2948350906 0.4170773923
5.2163248062 1.9692089558 2.0032594204 1.3097385168 -4.2960691452 0.4169022143
5.2136430740 1.9668563604 2.0009288788 1.3104168177 -4.2974381447 0.4167417288
5.2113823891 1.9647656679 1.9982402325 1.3111039400 -4.2991008759 0.4165785909
5.2086257935 1.9624135494 1.9960550070 1.3117862940 -4.3006258011 0.4164438248
5.2065796852 1.9601848125 1.9933962822 1.3124808073 -4.3022451401 0.4162988067
5.2043147087 1.9579659700 1.9907474518 1.3131796122 -4.3037424088 0.4160914123
5.2014365196 1.9558449984 1.9889560938 1.3138915300 -4.3054151535 0.4158914685
5.1980853081 1.9533358812 1.9875782728 1.3146090508 -4.3067526817 0.4157522619
5.1948714256 1.9506826401 1.9861606359 1.3153241873 -4.3080234528 0.4156579971
5.1926531792 1.9480333328 1.9838509560 1.3160319328 -4.3093490601 0.4154800177
5.1899662018 1.9452573061 1.9823615551 1.3167462349 -4.3107652664 0.4152601361
5.1877355576 1.9425766468 1.9803240299 1.3174512386 -4.3121805191 0.4150359035
5.1849184036 1.9397956133 1.9789282084 1.3181442022 -4.3133425713 0.4148392677
5.1821622849 1.9372584820 1.9773385525 1.3188396692 -4.3147506714 0.4146940112
5.1794319153 1.9349039793 1.9759112597 1.3195228577 -4.3164496422 0.4145957828
5.1766858101 1.9324046373 1.9743686914 1.3201801777 -4.3178548813 0.4144778550
5.1740236282 1.9301004410 1.9726879597 1.3208421469 -4.3193221092 0.4142913818
5.1716451645 1.9278653860 1.9707447290 1.3215030432 -4.3207497597 0.4141155481
5.1695747375 1.9254280329 1.9683495760 1.3221694231 -4.3219542503 0.4139484763
5.1664290428 1.9233018160 1.9669446945 1.3228381872 -4.3233799934 0.4137635827
5.1631546021 1.9212810993 1.9657629728 1.3235131502 -4.3249850273 0.4136020541
5.1599030495 1.9187153578 1.9649199247 1.3241906166 -4.3263196945 0.4134953022
5.1559367180 1.9160490036 1.9646699429 1.3248796463 -4.3275947571 0.4133920074
5.1527371407 1.9136853218 1.9636851549 1.3255676031 -4.3290591240 0.4132758379
5.1505961418 1.9112197161 1.9617801905 1.3262479305 -4.3303956985 0.4131636024
5.1480946541 1.9087619781 1.9602974653 1.3269367218 -4.3317871094 0.4130740762
5.1453270912 1.9064488411 1.9590510130 1.3276222944 -4.3334178925 0.4129967391
5.1428823471 1.9041788578 1.9574625492 1.3282897472 -4.3349628448 0.4128991663
5.1396307945 1.9017531872 1.9566050768 1.3289637566 -4.3362588882 0.4127341509
5.1366438866 1.8997250795 1.9551590681 1.3296529055 -4.3375658989 0.4125178754
5.1342515945 1.8981899023 1.9526790380 1.3303443193 -4.3389482498 0.4123528898
5.1314840317 1.8964501619 1.9509215355 1.3310340643 -4.3402862549 0.4122071266
5.1287088394 1.8946748972 1.9491813183 1.3317182064 -4.3416690826 0.4120413661
5.1262769699 1.8927122355 1.9473603964 1.3323817253 -4.3430347443 0.4119281769
5.1230282784 1.8901573420 1.9467853308 1.3330272436 -4.3441724777 0.4117633104
5.1194176674 1.8876336813 1.9468625784 1.3336815834 -4.3452873230 0.4115010202
5.1174087524 1.8857407570 1.9448080063 1.3343520164 -4.3467259407 0.4112673402
5.1156244278 1.8844383955 1.9424583912 1.3350343704 -4.3483247757 0.4110674262
5.1133928299 1.8828849792 1.9402797222 1.3357162476 -4.3497219086 0.4108664691
5.1110177040 1.8809646368 1.9389004707 1.3363870382 -4.3509826660 0.4106373787
5.1074156761 1.8790520430 1.9387204647 1.3370614052 -4.3524332047 0.4104345143
5.1037697792 1.8772408962 1.9386614561 1.3377506733 -4.3539552689 0.4102494717
5.1009306908 1.8753337860 1.9373196363 1.3384281397 -4.3550224304 0.4100732207
5.0988101959 1.8734462261 1.9354987144 1.3390842676 -4.3559288979 0.4098838568
5.0957150459 1.8716801405 1.9344298840 1.3397444487 -4.3570432663 0.4096989036
5.0924243927 1.8700104952 1.9340378046 1.3404098749 -4.3584976196 0.4095057249
5.0899057388 1.8678441048 1.9330124855 1.3410587311 -4.3597149849 0.4093631208
5.0871772766 1.8656091690 1.9323009253 1.3416974545 -4.3607525826 0.4092294276
5.0855808258 1.8639348745 1.9299755096 1.3423284292 -4.3619985580 0.4090853930
5.0838522911 1.8627330065 1.9277094603 1.3429476023 -4.3634629250 0.4089416265
5.0814743042 1.8612711430 1.9259735346 1.3435781002 -4.3647956848 0.4088080525
5.0785341263 1.8595912457 1.9251506329 1.3442078829 -4.3658633232 0.4086313844
5.0768871307 1.8580570221 1.9226721525 1.3448377848 -4.3669075966 0.4084643126
5.0745391846 1.8566079140 1.9208327532 1.3454700708 -4.3681044579 0.4083071947
5.0728068352 1.8551049232 1.9183938503 1.3461118937 -4.3692407608 0.4082385898
5.0711364746 1.8536609411 1.9159885645 1.3467445374 -4.3703627586 0.4081268311
5.0696463585 1.8522646427 1.9137828350 1.3473807573 -4.3718147278 0.4079011679
5.0683317184 1.8509981632 1.9111248255 1.3480116129 -4.3731875420 0.4076902270
5.0655159950 1.8495767117 1.9099082947 1.3486311436 -4.3741950989 0.4075402617
5.0631008148 1.8479559422 1.9081809521 1.3492435217 -4.3750181198 0.4074487090
5.0615372658 1.8464039564 1.9056177139 1.3498529196 -4.3757719994 0.4073532522
5.0599460602 1.8450567722 1.9031186104 1.3504639864 -4.3768301010 0.4072530270
5.0584459305 1.8435896635 1.9011784792 1.3510743380 -4.3781747818 0.4071554542
5.0551490784 1.8419553041 1.9008519650 1.3516633511 -4.3794226646 0.4070864916
5.0521879196 1.8402389288 1.9002878666 1.3522431850 -4.3804702759 0.4070031941
5.0493764877 1.8384685516 1.8994315863 1.3528141975 -4.3814659119 0.4069432914
5.0472455025 1.8367054462 1.8982020617 1.3533715010 -4.3826322556 0.4069126546
5.0451292992 1.8350856304 1.8966181278 1.3539277315 -4.3836379051 0.4068486392
5.0427937508 1.8335714340 1.8952542543 1.3544778824 -4.3845367432 0.4067389071
5.0394406319 1.8322257996 1.8946987391 1.3550387621 -4.3856945038 0.4066205621
5.0369448662 1.8305661678 1.8936508894 1.3555848598 -4.3866300583 0.4065550268
5.0341701508 1.8287996054 1.8930201530 1.3561288118 -4.3876242638 0.4064894319
5.0324592590 1.8271489143 1.8912186623 1.3566594124 -4.3887047768 0.4064465165
5.0298705101 1.8252632618 1.8907880783 1.3571780920 -4.3896822929 0.4063599110
5.0269808769 1.8234952688 1.8906122446 1.3576899767 -4.3908529282 0.4062246680
5.0249977112 1.8221250772 1.8892796040 1.3581923246 -4.3920936584 0.4060859680
5.0226068497 1.8206614256 1.8882663250 1.3586778641 -4.3931174278 0.4060375690
5.0203599930 1.8191663027 1.8873200417 1.3591451645 -4.3940687180 0.4059456289
5.0182437897 1.8177485466 1.8861031532 1.3596218824 -4.3952054977 0.4058316648
5.0159978867 1.8160972595 1.8856190443 1.3601059914 -4.3964586258 0.4057162106
5.0137434006 1.8143458366 1.8850791454 1.3605858088 -4.3976955414 0.4055877626
5.0117011070 1.8127318621 1.8843671083 1.3610522747 -4.3989334106 0.4054589570
5.0102138519 1.8115348816 1.8824168444 1.3615093231 -4.4000339508 0.4053396583
5.0085511208 1.8103082180 1.8807975054 1.3619471788 -4.4010396004 0.4051785767
5.0063085556 1.8087998629 1.8798241615 1.3623758554 -4.4020719528 0.4050164223
5.0043497086 1.8074328899 1.8788838387 1.3628053665 -4.4032506943 0.4048305452
5.0026788712 1.8060882092 1.8775757551 1.3632302284 -4.4043588638 0.4046906233
5.0007686615 1.8047100306 1.8762880564 1.3636420965 -4.4054560661 0.4045984447
4.9986310005 1.8034276962 1.8753496408 1.3640605211 -4.4065756798 0.4045032561
4.9967160225 1.8018589020 1.8743100166 1.3644752502 -4.4076652527 0.4044189155
4.9940018654 1.8001450300 1.8741797209 1.3649048805 -4.4087257385 0.4043564796
4.9921684265 1.7986806631 1.8730041981 1.3653310537 -4.4099593163 0.4043250084
4.9901747704 1.7970838547 1.8724802732 1.3657681942 -4.4112138748 0.4042936862
4.9884414673 1.7955590487 1.8715906143 1.3662137985 -4.4124650955 0.4042366147
4.9866991043 1.7940826416 1.8705177307 1.3666663170 -4.4136471748 0.4041967094
4.9852352142 1.7927016020 1.8688976765 1.3671239614 -4.4146165848 0.4042517543
4.9836058617 1.7916213274 1.8675061464 1.3675787449 -4.4158849716 0.4042475224
4.9811701775 1.7903169394 1.8669700623 1.3680347204 -4.4169540405 0.4041569829
4.9785318375 1.7886569500 1.8667131662 1.3684923649 -4.4177541733 0.4040747285
4.9769587517 1.7868944407 1.8656498194 1.3689501286 -4.4184279442 0.4040269256
4.9759263992 1.7852878571 1.8637958765 1.3694243431 -4.4191737175 0.4039310217
4.9729862213 1.7839117050 1.8639967442 1.3698844910 -4.4202280045 0.4038490951
4.9697022438 1.7824678421 1.8646273613 1.3703265190 -4.4212841988 0.4037904739
4.9676628113 1.7808109522 1.8640722036 1.3707691431 -4.4222297668 0.4037477374
4.9667334557 1.7793037891 1.8620693684 1.3712399006 -4.4228448868 0.4036274552
4.9644474983 1.7778609991 1.8611418009 1.3717207909 -4.4232997894 0.4034703374
4.9620208740 1.7765921354 1.8605476618 1.3722048998 -4.4239578247 0.4033362865
4.9599938393 1.7754181623 1.8596214056 1.3727064133 -4.4248666763 0.4032739401
4.9580030441 1.7741819620 1.8587177992 1.3732042313 -4.4257192612 0.4032328129
4.9567580223 1.7728240490 1.8572429419 1.3736866713 -4.4264755249 0.4031429291
4.9550790787 1.7716226578 1.8560117483 1.3741724491 -4.4271697998 0.4030459523
4.9526553154 1.7705584764 1.8554409742 1.3746669292 -4.4279789925 0.4028643966
4.9507861137 1.7694578171 1.8547173738 1.3751637936 -4.4289445877 0.4026510715
4.9490222931 1.7683224678 1.8535072803 1.3756603003 -4.4298291206 0.4024970829
4.9469971657 1.7673801184 1.8525587320 1.3761681318 -4.4307165146 0.4023824930
4.9448175430 1.7661898136 1.8518512249 1.3766875267 -4.4315576553 0.4022724926
4.9428682327 1.7645587921 1.8514802456 1.3771985769 -4.4324054718 0.4021661878
4.9406218529 1.7629189491 1.8512196541 1.3777203560 -4.4331884384 0.4020837545
4.9390478134 1.7615548372 1.8499587774 1.3782510757 -4.4337072372 0.4020059407
4.9362802505 1.7603691816 1.8497488499 1.3787909746 -4.4343318939 0.4019359350
4.9344611168 1.7597004175 1.8484135866 1.3793396950 -4.4353842735 0.4018164873
4.9333572388 1.7590662241 1.8463581800 1.3798961639 -4.4363570213 0.4017154574
4.9310693741 1.7577792406 1.8456640244 1.3804304600 -4.4369935989 0.4016917348
4.9300904274 1.7561404705 1.8441044092 1.3809434175 -4.4376492500 0.4016729891
4.9287114143 1.7548327446 1.8430821896 1.3814603090 -4.4386487007 0.4015575051
4.9266705513 1.7537175417 1.8425744772 1.3819972277 -4.4396715164 0.4014250040
4.9240565300 1.7524725199 1.8425244093 1.3825544119 -4.4406647682 0.4013262391
4.9221792221 1.7511432171 1.8421460390 1.3831213713 -4.4415736198 0.4012153149
4.9208345413 1.7498849630 1.8405859470 1.3836529255 -4.4421615601 0.4010838866
4.9195928574 1.7484871149 1.8393138647 1.3841700554 -4.4427561760 0.4009527564
4.9186987877 1.7469514608 1.8381084204 1.3847000599 -4.4437093735 0.4008153677
4.9178414345 1.7456336021 1.8368123770 1.3852223158 -4.4446873665 0.4006866813
4.9161095619 1.7447302341 1.8359463215 1.3857290745 -4.4458012581 0.4005530477
4.9142518044 1.7440725565 1.8352273703 1.3862088919 -4.4469442368 0.4003684521
4.9127793312 1.7428442240 1.8342471123 1.3866995573 -4.4477534294 0.4002565145
4.9109549522 1.7411743402 1.8339720964 1.3871989250 -4.4486026764 0.4001755118
4.9093236923 1.7397142649 1.8335380554 1.3877085447 -4.4496302605 0.4000589252
4.9074625969 1.7384445667 1.8331775665 1.3882089853 -4.4505681992 0.3999503851
4.9063115120 1.7370933294 1.8319051266 1.3886992931 -4.4512176514 0.3998188078
4.9039134979 1.7356027365 1.8317890167 1.3891756535 -4.4517421722 0.3996911645
4.9016098976 1.7345749140 1.8314695358 1.3896547556 -4.4526791573 0.3995642662
4.9008235931 1.7337598801 1.8297139406 1.3901418447 -4.4538612366 0.3994261622
4.9002532959 1.7329127789 1.8272900581 1.3906415701 -4.4547739029 0.3993140459
4.8984007835 1.7317956686 1.8262469769 1.3911614418 -4.4555244446 0.3991982341
4.8952298164 1.7306863070 1.8267413378 1.3916817904 -4.4565038681 0.3990664184
4.8932518959 1.7298575640 1.8259249926 1.3921958208 -4.4577579498 0.3989794850
4.8916625977 1.7290475368 1.8245062828 1.3926813602 -4.4587516785 0.3988876343
4.8898644447 1.7282414436 1.8230960369 1.3931552172 -4.4593529701 0.3987387419
4.8878560066 1.7274022102 1.8219118118 1.3936263323 -4.4599657059 0.3986293674
4.8863778114 1.7263382673 1.8206577301 1.3940933943 -4.4608249664 0.3985356688
4.8846936226 1.7253164053 1.8198347092 1.3945622444 -4.4618539810 0.3984075487
4.8834896088 1.7242727280 1.8187373877 1.3950220346 -4.4629359245 0.3982728124
4.8822808266 1.7232847214 1.8171021938 1.3954643011 -4.4637703896 0.3981491029
4.8805794716 1.7221412659 1.8162035942 1.3959046602 -4.4645061493 0.3980617523
4.8786458969 1.7211533785 1.8153749704 1.3963546753 -4.4654111862 0.3979400992
4.8772034645 1.7203476429 1.8141801357 1.3967992067 -4.4663171768 0.3978237510
4.8752183914 1.7192453146 1.8134506941 1.3972327709 -4.4670534134 0.3977371454
4.8733191490 1.7179679871 1.8126581907 1.3976392746 -4.4674987793 0.3976562023
4.8727669716 1.7168616056 1.8105239868 1.3980538845 -4.4680213928 0.3976074457
4.8702387810 1.7158639431 1.8101890087 1.3984735012 -4.4686203003 0.3975380361
4.8680129051 1.7149740458 1.8095859289 1.3988808393 -4.4690651894 0.3974447548
4.8671951294 1.7141411304 1.8075358868 1.3992753029 -4.4697189331 0.3972862959
4.8659062386 1.7133309841 1.8061643839 1.3996645212 -4.4704699516 0.3971557915
4.8638272285 1.7124085426 1.8057545424 1.4000662565 -4.4713110924 0.3970791399
4.8625807762 1.7113894224 1.8046952486 1.4004611969 -4.4721198082 0.3969859481
4.8619236946 1.7102278471 1.8030455112 1.4008307457 -4.4728441238 0.3969212174
4.8598113060 1.7092379332 1.8027771711 1.4011950493 -4.4735860825 0.3968203962
4.8568887711 1.7082483768 1.8033515215 1.4015560150 -4.4743099213 0.3967506289
4.8562073708 1.7071715593 1.8017870188 1.4019134045 -4.4749212265 0.3966444135
4.8556671143 1.7062261105 1.8001286983 1.4022840261 -4.4756751060 0.3965298533
4.8530683517 1.7051647902 1.8005988598 1.4026772976 -4.4764065742 0.3964392543
4.8509688377 1.7038886547 1.8004834652 1.4030784369 -4.4770169258 0.3963472843
4.8497853279 1.7026730776 1.7995170355 1.4034742117 -4.4775824547 0.3962800801
4.8475599289 1.7016683817 1.7993063927 1.4038587809 -4.4780230522 0.3962544203
4.8457570076 1.7009556293 1.7985823154 1.4042562246 -4.4786462784 0.3961792886
4.8451910019 1.7001606226 1.7967334986 1.4046522379 -4.4792914391 0.3961072266
4.8434920311 1.6993546486 1.7959161997 1.4050418139 -4.4798822403 0.3960290551
4.8409118652 1.6985592842 1.7962666750 1.4054343700 -4.4805593491 0.3958874643
4.8390278816 1.6974847317 1.7962477207 1.4058264494 -4.4813203812 0.3957535923
4.8390197754 1.6965186596 1.7943332195 1.4062331915 -4.4820113182 0.3956283927
4.8376917839 1.6959270239 1.7929030657 1.4066509008 -4.4825706482 0.3955464363
4.8344869614 1.6954323053 1.7936946154 1.4070761204 -4.4833087921 0.3955239356
4.8325457573 1.6947773695 1.7932754755 1.4074885845 -4.4840669632 0.3955015540
4.8325572014 1.6940532923 1.7909225225 1.4078954458 -4.4846911430 0.3954477310
4.8306531906 1.6934497356 1.7906392813 1.4083161354 -4.4855856895 0.3953499794
4.8282699585 1.6929305792 1.7908123732 1.4087235928 -4.4864726067 0.3952329755
4.8274083138 1.6928000450 1.7883945704 1.4091279507 -4.4867410660 0.3951443434
4.8268313408 1.6925343275 1.7861088514 1.4095494747 -4.4871134758 0.3951035440
4.8247199059 1.6918491125 1.7859591246 1.4099740982 -4.4879436493 0.3950870037
4.8224916458 1.6906775236 1.7861698866 1.4103888273 -4.4884691238 0.3950394988
4.8212609291 1.6895834208 1.7855205536 1.4107861519 -4.4889974594 0.3949118257
4.8202662468 1.6888648272 1.7844735384 1.4111793041 -4.4896564484 0.3947965801
4.8183913231 1.6884652376 1.7839894295 1.4115600586 -4.4904661179 0.3947465420
4.8159365654 1.6880340576 1.7840008736 1.4119371176 -4.4910135269 0.3946771324
4.8148107529 1.6873677969 1.7827835083 1.4123139381 -4.4915351868 0.3945788741
4.8138198853 1.6866767406 1.7816474438 1.4126873016 -4.4921708107 0.3944876492
4.8116264343 1.6860556602 1.7816699743 1.4130492210 -4.4928369522 0.3944116831
4.8096275330 1.6854358912 1.7816563845 1.4134227037 -4.4934425354 0.3943066001
4.8094353676 1.6848530769 1.7796541452 1.4137936831 -4.4942388535 0.3942683935
4.8090844154 1.6840175390 1.7785024643 1.4141656160 -4.4951000214 0.3942219913
4.8064360619 1.6828516722 1.7794551849 1.4145426750 -4.4956278801 0.3941475451
4.8049640656 1.6817376614 1.7791079283 1.4149070978 -4.4960851669 0.3941462040
4.8044691086 1.6809554100 1.7776536942 1.4152556658 -4.4966149330 0.3940984011
4.8036708832 1.6799634695 1.7767527103 1.4155995846 -4.4971776009 0.3940430880
4.8027234077 1.6791640520 1.7759255171 1.4159555435 -4.4978027344 0.3939737678
4.8015017509 1.6788152456 1.7748984098 1.4162936211 -4.4984092712 0.3938870430
4.8005313873 1.6784249544 1.7740734816 1.4166238308 -4.4993109703 0.3937674165
4.7983093262 1.6779810190 1.7744048834 1.4169642925 -4.5001602173 0.3936412930
4.7969293594 1.6776041985 1.7737621069 1.4173039198 -4.5008540154 0.3935646415
4.7968740463 1.6770482063 1.7713185549 1.4176350832 -4.5010461807 0.3935286403
4.7947707176 1.6767680645 1.7709120512 1.4179613590 -4.5014619827 0.3934723735
4.7927160263 1.6760494709 1.7712844610 1.4182785749 -4.5021533966 0.3933591843
4.7927103043 1.6750228405 1.7698836327 1.4186010361 -4.5028934479 0.3932524920
4.7930769920 1.6740826368 1.7679665089 1.4189232588 -4.5033445358 0.3931560516
4.7909483910 1.6733494997 1.7685265541 1.4192440510 -4.5040454865 0.3930190802
4.7897276878 1.6724141836 1.7680605650 1.4195733070 -4.5045480728 0.3928926587
4.7890019417 1.6717334986 1.7670298815 1.4199205637 -4.5050249100 0.3927951157
4.7865362167 1.6709501743 1.7673519850 1.4202853441 -4.5054340363 0.3927347660
4.7863416672 1.6703715324 1.7655810118 1.4206402302 -4.5060038567 0.3926851153
4.7858958244 1.6695706844 1.7644274235 1.4210050106 -4.5066285133 0.3926303685
4.7844157219 1.6684980392 1.7641607523 1.4213625193 -4.5070128441 0.3925366104
4.7828502655 1.6673536301 1.7643340826 1.4217119217 -4.5073866844 0.3923846483
4.7829799652 1.6665700674 1.7624961138 1.4220657349 -4.5079636574 0.3921922743
4.7824897766 1.6658139229 1.7613785267 1.4224345684 -4.5085868835 0.3920716643
4.7802925110 1.6650389433 1.7618358135 1.4228216410 -4.5091304779 0.3919655085
4.7791128159 1.6642136574 1.7612848282 1.4231860638 -4.5096039772 0.3918750882
4.7786455154 1.6635398865 1.7601068020 1.4235521555 -4.5103425980 0.3918464780
4.7783646584 1.6630311012 1.7588040829 1.4239311218 -4.5112490654 0.3917458355
4.7769579887 1.6623210907 1.7582921982 1.4242841005 -4.5116949081 0.3916261792
4.7752804756 1.6612766981 1.7586241961 1.4246331453 -4.5121917725 0.3914796710
4.7760419846 1.6601953506 1.7567366362 1.4249788523 -4.5127716064 0.3913056850
4.7755503654 1.6593322754 1.7555512190 1.4253400564 -4.5133261681 0.3911874294
4.7731924057 1.6588270664 1.7560446262 1.4257022142 -4.5138816833 0.3910128474
4.7718968391 1.6583577394 1.7552562952 1.4260388613 -4.5143976212 0.3908542991
4.7721138000 1.6577209234 1.7534015179 1.4263627529 -4.5150065422 0.3907468021
4.7704100609 1.6569747925 1.7533690929 1.4267179966 -4.5156807899 0.3906533122
4.7684144974 1.6559296846 1.7538959980 1.4270877838 -4.5163779259 0.3906133771
4.7678155899 1.6549376249 1.7528368235 1.4274564981 -4.5169639587 0.3905698955
4.7654399872 1.6539076567 1.7534878254 1.4278283119 -4.5174689293 0.3904940784
4.7635512352 1.6531738043 1.7535947561 1.4281938076 -4.5180888176 0.3904041052
4.7633910179 1.6526197195 1.7517641783 1.4285464287 -4.5188436508 0.3903324306
4.7618837357 1.6520353556 1.7510172129 1.4288952351 -4.5193042755 0.3903320432
4.7602677345 1.6512321234 1.7506974936 1.4292620420 -4.5198335648 0.3902976513
4.7589054108 1.6508675814 1.7500391006 1.4296479225 -4.5206789970 0.3902525306
4.7582983971 1.6504831314 1.7485346794 1.4300273657 -4.5214309692 0.3902173042
4.7566599846 1.6500504017 1.7479734421 1.4304001331 -4.5219225883 0.3901104331
4.7550926208 1.6492614746 1.7476277351 1.4307802916 -4.5223612785 0.3899626434
4.7535643578 1.6482009888 1.7476017475 1.4311691523 -4.5227456093 0.3898503780
4.7515950203 1.6474415064 1.7478052378 1.4315690994 -4.5235099792 0.3897692859
4.7513961792 1.6466883421 1.7462422848 1.4319443703 -4.5241856575 0.3897477984
4.7496538162 1.6458114386 1.7460027933 1.4323227406 -4.5244936943 0.3897363544
4.7476606369 1.6453174353 1.7459008694 1.4327090979 -4.5249643326 0.3896811008
4.7457103729 1.6452271938 1.7456710339 1.4330955744 -4.5257182121 0.3895948827
4.7442049980 1.6446334124 1.7455149889 1.4334907532 -4.5265035629 0.3894646764
4.7435126305 1.6439294815 1.7445304394 1.4338659048 -4.5270280838 0.3894136548
4.7431025505 1.6435763836 1.7426522970 1.4342348576 -4.5274872780 0.3893424273
4.7422938347 1.6434624195 1.7412010431 1.4346047640 -4.5280447006 0.3892956376
4.7403535843 1.6430246830 1.7413690090 1.4349904060 -4.5287342072 0.3891983032
4.7394943237 1.6425981522 1.7405316830 1.4353723526 -4.5294322968 0.3891324103
4.7379064560 1.6419166327 1.7403239012 1.4357573986 -4.5298743248 0.3890300989
4.7370138168 1.6412452459 1.7395974398 1.4361087084 -4.5304374695 0.3889072537
4.7352390289 1.6405717134 1.7399779558 1.4364736080 -4.5311460495 0.3887363672
4.7342042923 1.6401561499 1.7390702963 1.4368385077 -4.5316624641 0.3886241913
4.7331681252 1.6399129629 1.7378435135 1.4371966124 -4.5319933891 0.3885129988
4.7317886353 1.6395512819 1.7372221947 1.4375673532 -4.5324110985 0.3884360790
4.7281727791 1.6392637491 1.7389173508 1.4379547834 -4.5329294205 0.3883839548
4.7275972366 1.6385718584 1.7373481989 1.4383090734 -4.5330514908 0.3883678913
4.7272968292 1.6378476620 1.7362757921 1.4386726618 -4.5335235596 0.3882817328
4.7265596390 1.6372226477 1.7355899811 1.4390113354 -4.5341310501 0.3882123828
4.7246441841 1.6367050409 1.7357437611 1.4393817186 -4.5348529816 0.3880301714
4.7235007286 1.6363497972 1.7346872091 1.4397189617 -4.5353484154 0.3879004717
4.7216501236 1.6360967159 1.7347010374 1.4400682449 -4.5359320641 0.3877787590
4.7206525803 1.6356531382 1.7342829704 1.4404155016 -4.5365691185 0.3876885474
4.7208352089 1.6350302696 1.7324392796 1.4407413006 -4.5370712280 0.3876699805
4.7185935974 1.6344624758 1.7332662344 1.4410880804 -4.5379257202 0.3875652552
4.7178525925 1.6340796947 1.7319293022 1.4414085150 -4.5383715630 0.3875297308
4.7171125412 1.6334352493 1.7307296991 1.4417277575 -4.5386753082 0.3874856234
4.7151336670 1.6327406168 1.7309492826 1.4420733452 -4.5389647484 0.3874019980
4.7136693001 1.6320941448 1.7307029963 1.4424036741 -4.5394344330 0.3873360753
4.7136750221 1.6314023733 1.7291609049 1.4427233934 -4.5399370193 0.3872386813
4.7128934860 1.6306439638 1.7282254696 1.4430400133 -4.5403156281 0.3871825337
4.7109007835 1.6298657656 1.7285014391 1.4433791637 -4.5406751633 0.3871471286
4.7098407745 1.6293050051 1.7276343107 1.4437154531 -4.5410690308 0.3871057630
4.7085251808 1.6289008856 1.7270302773 1.4440615177 -4.5415983200 0.3870655298
4.7075896263 1.6284523010 1.7264745235 1.4444000721 -4.5423545837 0.3869326115
4.7073507309 1.6277661324 1.7254439592 1.4447203875 -4.5431108475 0.3868284822
4.7063550949 1.6269732714 1.7249968052 1.4450429678 -4.5436549187 0.3867084384
4.7053608894 1.6261581182 1.7243552208 1.4453595877 -4.5440621376 0.3866095543
4.7037196159 1.6256241798 1.7240778208 1.4456812143 -4.5444478989 0.3865028620
4.7019081116 1.6253657341 1.7242562771 1.4460234642 -4.5451235771 0.3863526881
4.7014865875 1.6252378225 1.7223781347 1.4463608265 -4.5456705093 0.3862398863
4.6997098923 1.6251424551 1.7219005823 1.4467024803 -4.5462393761 0.3861006498
4.6984710693 1.6245642900 1.7211456299 1.4470132589 -4.5466938019 0.3860186934
4.6968469620 1.6239439249 1.7212762833 1.4473358393 -4.5472531319 0.3858930469
4.6953682899 1.6235734224 1.7213002443 1.4476526976 -4.5481977463 0.3857014477
4.6946845055 1.6232557297 1.7202676535 1.4479318857 -4.5488476753 0.3855903149
4.6930317879 1.6227893829 1.7199020386 1.4482202530 -4.5495033264 0.3854533136
4.6921906471 1.6223946810 1.7189885378 1.4484808445 -4.5502161980 0.3853353262
4.6897430420 1.6218105555 1.7193914652 1.4487626553 -4.5504674911 0.3852257431
4.6880078316 1.6209988594 1.7194339037 1.4490470886 -4.5506792068 0.3850964308
4.6871218681 1.6206530333 1.7184714079 1.4493380785 -4.5513811111 0.3849657178
4.6856484413 1.6203675270 1.7183111906 1.4496423006 -4.5523285866 0.3848312497
4.6840395927 1.6196590662 1.7179994583 1.4499307871 -4.5526685715 0.3847712874
4.6823115349 1.6189041138 1.7177804708 1.4502331018 -4.5528602600 0.3847118020
4.6808462143 1.6183083057 1.7174593210 1.4505316019 -4.5533757210 0.3846654892
4.6787967682 1.6177519560 1.7177045345 1.4508156776 -4.5540180206 0.3845630288
4.6774544716 1.6173593998 1.7173086405 1.4510941505 -4.5546636581 0.3844556510
4.6778311729 1.6170903444 1.7148737907 1.4513562918 -4.5551376343 0.3844031990
4.6754093170 1.6167833805 1.7152355909 1.4516373873 -4.5556950569 0.3842755556
4.6736874580 1.6162190437 1.7152013779 1.4518964291 -4.5560269356 0.3842033148
4.6731672287 1.6155575514 1.7138954401 1.4521811008 -4.5565652847 0.3841354847
4.6727681160 1.6147298813 1.7122907639 1.4524596930 -4.5566220284 0.3841266632
4.6705007553 1.6138887405 1.7126964331 1.4527463913 -4.5567884445 0.3841015100
4.6690907478 1.6132079363 1.7126492262 1.4530334473 -4.5574321747 0.3840333819
4.6694097519 1.6126513481 1.7107661963 1.4533293247 -4.5581269264 0.3839564323
4.6694712639 1.6121736765 1.7091758251 1.4536298513 -4.5588169098 0.3839089274
4.6662321091 1.6114840508 1.7108161449 1.4539144039 -4.5594310760 0.3839123845
4.6633687019 1.6108911037 1.7121132612 1.4542026520 -4.5599532127 0.3838614225
4.6637678146 1.6103620529 1.7095353603 1.4544783831 -4.5601582527 0.3837960660
4.6621193886 1.6097636223 1.7092399597 1.4547765255 -4.5604152679 0.3837058842
4.6602678299 1.6091537476 1.7096506357 1.4550861120 -4.5610837936 0.3835865259
4.6603646278 1.6086710691 1.7077099085 1.4553927183 -4.5615649223 0.3835607171
4.6585445404 1.6080179214 1.7075797319 1.4557088614 -4.5617733002 0.3834658861
4.6560440063 1.6074204445 1.7077516317 1.4560053349 -4.5620126724 0.3834736347
4.6542878151 1.6070512533 1.7076264620 1.4563173056 -4.5626001358 0.3833671808
4.6533861160 1.6065490246 1.7061766386 1.4566074610 -4.5628538132 0.3832948506
4.6526460648 1.6062315702 1.7049162388 1.4568959475 -4.5635108948 0.3831993937
4.6506743431 1.6056629419 1.7050859928 1.4571645260 -4.5639777184 0.3831567168
4.6483793259 1.6048990488 1.7055459023 1.4574398994 -4.5644311905 0.3831030726
4.6482343674 1.6040073633 1.7039518356 1.4577344656 -4.5649104118 0.3830797672
4.6480417252 1.6035467386 1.7023559809 1.4580398798 -4.5656828880 0.3830824494
4.6458444595 1.6029050350 1.7028608322 1.4583269358 -4.5661277771 0.3830509186
4.6433649063 1.6022075415 1.7036098242 1.4586117268 -4.5665349960 0.3830015659
4.6438984871 1.6016746759 1.7012686729 1.4589238167 -4.5670633316 0.3829302192
4.6430940628 1.6011167765 1.7009408474 1.4592497349 -4.5677952766 0.3828160167
4.6401839256 1.6004468203 1.7020512819 1.4595748186 -4.5682449341 0.3827566206
4.6380434036 1.6000850201 1.7025401592 1.4599297047 -4.5689353943 0.3826161623
4.6380534172 1.5999736786 1.7004976273 1.4602504969 -4.5695166588 0.3825079203
4.6371459961 1.5995631218 1.6990725994 1.4605940580 -4.5696868896 0.3824344277
4.6371936798 1.5990021229 1.6970936060 1.4609348774 -4.5699071884 0.3823749125
4.6361517906 1.5983488560 1.6967884302 1.4612681866 -4.5704698563 0.3822180629
4.6329097748 1.5977323055 1.6988607645 1.4616063833 -4.5712904930 0.3821035922
4.6329655647 1.5972633362 1.6967735291 1.4619318247 -4.5717582703 0.3820918798
4.6330327988 1.5968886614 1.6949234009 1.4622557163 -4.5721035004 0.3819766343
4.6309471130 1.5964906216 1.6947269440 1.4625730515 -4.5721464157 0.3818237782
4.6295509338 1.5959938765 1.6942347288 1.4628891945 -4.5724544525 0.3817143738
4.6288657188 1.5954030752 1.6932896376 1.4631786346 -4.5730504990 0.3816508055
4.6286215782 1.5948746204 1.6920719147 1.4634518623 -4.5736684799 0.3815211654
4.6281971931 1.5941758156 1.6909360886 1.4637194872 -4.5739388466 0.3814144135
4.6263623238 1.5931628942 1.6915720701 1.4639729261 -4.5743808746 0.3813320696
4.6260938644 1.5922812223 1.6908868551 1.4642366171 -4.5749812126 0.3812465668
4.6248703003 1.5918277502 1.6904729605 1.4645057917 -4.5754137039 0.3811115623
4.6240696907 1.5912828445 1.6895849705 1.4647588730 -4.5756044388 0.3809496164
4.6225404739 1.5906031132 1.6896203756 1.4650093317 -4.5758714676 0.3808360696
4.6217923164 1.5898227692 1.6890631914 1.4652626514 -4.5762987137 0.3807634115
4.6205058098 1.5892338753 1.6890927553 1.4655168056 -4.5768108368 0.3806322217
4.6195669174 1.5885195732 1.6882542372 1.4657636881 -4.5768642426 0.3805105686
4.6193542480 1.5878137350 1.6869763136 1.4660137892 -4.5770168304 0.3803930283
4.6183347702 1.5876545906 1.6864049435 1.4662582874 -4.5777173042 0.3802353144
4.6175761223 1.5877625942 1.6855000257 1.4664872885 -4.5784959793 0.3801496327
4.6166701317 1.5876046419 1.6842411757 1.4667360783 -4.5788168907 0.3800473809
4.6153616905 1.5870922804 1.6839672327 1.4669837952 -4.5790805817 0.3799185455
4.6134228706 1.5861580372 1.6845147610 1.4672430754 -4.5794157982 0.3797490299
4.6127715111 1.5852839947 1.6842398643 1.4674900770 -4.5799541473 0.3795779943
4.6117711067 1.5849809647 1.6838122606 1.4677394629 -4.5806922913 0.3793880045
4.6108593941 1.5849304199 1.6830036640 1.4679759741 -4.5812034607 0.3792296648
4.6101593971 1.5846956968 1.6813780069 1.4682114124 -4.5812802315 0.3791534305
4.6089038849 1.5842771530 1.6809843779 1.4684222937 -4.5815472603 0.3791291714
4.6076331139 1.5835701227 1.6810411215 1.4686151743 -4.5819478035 0.3790575862
4.6079597473 1.5830575228 1.6791599989 1.4688075781 -4.5824346542 0.3790456355
4.6080904007 1.5824937820 1.6777254343 1.4690010548 -4.5829544067 0.3790060878
4.6049132347 1.5820617676 1.6793489456 1.4691853523 -4.5834016800 0.3789413869
4.6037893295 1.5817391872 1.6785354614 1.4693865776 -4.5836372375 0.3788517118
4.6025090218 1.5812932253 1.6783554554 1.4695990086 -4.5840511322 0.3787795305
4.6016697884 1.5810387135 1.6775969267 1.4698129892 -4.5845546722 0.3786884546
4.6014943123 1.5810235739 1.6756681204 1.4700349569 -4.5850157738 0.3786786199
4.6003651619 1.5804702044 1.6756678820 1.4702557325 -4.5857086182 0.3786716461
4.5980539322 1.5793504715 1.6774067879 1.4704864025 -4.5863370895 0.3785779476
4.5976600647 1.5780680180 1.6769964695 1.4707075357 -4.5864729881 0.3784759045
4.5976519585 1.5773608685 1.6757107973 1.4709537029 -4.5867757797 0.3783122897
4.5973458290 1.5771449804 1.6741491556 1.4711816311 -4.5871038437 0.3782230020
4.5944628716 1.5771242380 1.6752206087 1.4714211226 -4.5875597000 0.3781101108
4.5939979553 1.5766217709 1.6741905212 1.4716511965 -4.5879716873 0.3780451417
4.5943918228 1.5760059357 1.6725691557 1.4719011784 -4.5884284973 0.3779912889
4.5930867195 1.5752831697 1.6729776859 1.4721412659 -4.5889511108 0.3778889775
4.5910730362 1.5743517876 1.6740033627 1.4723833799 -4.5891904831 0.3778106570
4.5908055305 1.5736653805 1.6729402542 1.4726655483 -4.5895977020 0.3776862621
4.5897164345 1.5730059147 1.6726742983 1.4729149342 -4.5898795128 0.3776045144
4.5874414444 1.5724053383 1.6738318205 1.4731583595 -4.5904722214 0.3774769902
4.5877637863 1.5719672441 1.6720197201 1.4733915329 -4.5908975601 0.3773728609
4.5872712135 1.5715768337 1.6706202030 1.4736328125 -4.5907964706 0.3773064613
4.5851421356 1.5709304810 1.6712304354 1.4738914967 -4.5909605026 0.3772271276
4.5831909180 1.5702095032 1.6719537973 1.4741394520 -4.5913829803 0.3771601319
4.5825982094 1.5693851709 1.6714144945 1.4743846655 -4.5919370651 0.3770882189
4.5826373100 1.5689960718 1.6700400114 1.4746285677 -4.5924715996 0.3770535290
4.5805149078 1.5689576864 1.6703147888 1.4748989344 -4.5930776596 0.3769941926
4.5786595345 1.5690643787 1.6701140404 1.4751666784 -4.5935797691 0.3768994808
4.5773987770 1.5686244965 1.6698142290 1.4754093885 -4.5938181877 0.3768436313
4.5768923759 1.5680360794 1.6687994003 1.4756584167 -4.5940327644 0.3767631650
4.5771007538 1.5675802231 1.6673099995 1.4758883715 -4.5944638252 0.3766776323
4.5754151344 1.5672078133 1.6677023172 1.4761339426 -4.5949749947 0.3765518665
4.5745844841 1.5670632124 1.6664462090 1.4763708115 -4.5952873230 0.3764421940
4.5748472214 1.5666515827 1.6646146774 1.4766126871 -4.5953474045 0.3762986064
4.5739583969 1.5660136938 1.6644054651 1.4768520594 -4.5958204269 0.3761540055
4.5716056824 1.5654488802 1.6659721136 1.4770960808 -4.5965623856 0.3760064244
4.5706138611 1.5649905205 1.6658900976 1.4773508310 -4.5972681046 0.3759188056
4.5712904930 1.5645165443 1.6638097763 1.4775989056 -4.5978260040 0.3758215904
4.5705556870 1.5640989542 1.6628326178 1.4778571129 -4.5979399681 0.3757357001
4.5695371628 1.5635017157 1.6623318195 1.4781271219 -4.5982046127 0.3756478727
4.5683941841 1.5629099607 1.6627340317 1.4784108400 -4.5990762711 0.3755207658
4.5675783157 1.5622013807 1.6626735926 1.4786881208 -4.5995864868 0.3754012585
4.5663118362 1.5614644289 1.6627091169 1.4789603949 -4.5998711586 0.3752248883
4.5662999153 1.5607454777 1.6619347334 1.4792300463 -4.6003460884 0.3751082718
4.5646481514 1.5599846840 1.6629018784 1.4794837236 -4.6010379791 0.3749848604
4.5642266273 1.5592883825 1.6619967222 1.4797291756 -4.6012172699 0.3749278784
4.5629057884 1.5587695837 1.6620357037 1.4799965620 -4.6014685631 0.3748310208
4.5627574921 1.5584285259 1.6611967087 1.4802472591 -4.6021485329 0.3747673929
4.5621027946 1.5579885244 1.6608849764 1.4805194139 -4.6028823853 0.3746392131
4.5614027977 1.5573323965 1.6601300240 1.4807622433 -4.6030340195 0.3745649457
4.5602483749 1.5571048260 1.6599210501 1.4810144901 -4.6034488678 0.3745079041
4.5590429306 1.5570416451 1.6590836048 1.4812508821 -4.6036863327 0.3744874597
4.5583934784 1.5567642450 1.6582704782 1.4814949036 -4.6039667130 0.3744416535
4.5569033623 1.5563764572 1.6585310698 1.4817264080 -4.6045913696 0.3743384480
4.5560441017 1.5556821823 1.6586248875 1.4819636345 -4.6052513123 0.3742191792
4.5558099747 1.5550223589 1.6576350927 1.4821957350 -4.6056346893 0.3741447330
4.5547657013 1.5544478893 1.6572452784 1.4824206829 -4.6058182716 0.3740851283
4.5525522232 1.5543947220 1.6579228640 1.4826416969 -4.6063303947 0.3739956021
4.5521435738 1.5542143583 1.6568428278 1.4828404188 -4.6068978310 0.3738968074
4.5513424873 1.5537816286 1.6567937136 1.4830306768 -4.6075134277 0.3737547398
4.5500483513 1.5533795357 1.6570250988 1.4832192659 -4.6080331802 0.3736366034
4.5502920151 1.5531175137 1.6554028988 1.4834036827 -4.6085023880 0.3736150563
4.5487937927 1.5528265238 1.6555553675 1.4835791588 -4.6088905334 0.3735721111
4.5481910706 1.5522366762 1.6548515558 1.4837352037 -4.6090126038 0.3735461235
4.5465135574 1.5516968966 1.6551190615 1.4839254618 -4.6092872620 0.3734799623
4.5457911491 1.5513013601 1.6544361115 1.4841182232 -4.6095633507 0.3733828962
4.5462703705 1.5508335829 1.6528724432 1.4842948914 -4.6100864410 0.3732875586
4.5467386246 1.5503857136 1.6512631178 1.4844745398 -4.6105246544 0.3732492328
4.5449752808 1.5499486923 1.6517875195 1.4846557379 -4.6109695435 0.3731438816
4.5429534912 1.5492262840 1.6530901194 1.4848256111 -4.6114540100 0.3730132580
4.5428576469 1.5485285521 1.6522539854 1.4849904776 -4.6118602753 0.3728724420
4.5431900024 1.5480118990 1.6505575180 1.4851566553 -4.6120123863 0.3727695942
4.5418667793 1.5477142334 1.6504111290 1.4853067398 -4.6123580933 0.3726912737
4.5408725739 1.5476094484 1.6501199007 1.4854717255 -4.6127767563 0.3725638986
4.5411858559 1.5472327471 1.6484701633 1.4856326580 -4.6130638123 0.3723677397
4.5398855209 1.5467629433 1.6486091614 1.4858077765 -4.6133303642 0.3721593618
4.5380887985 1.5462738276 1.6493867636 1.4859890938 -4.6137580872 0.3720227182
4.5374851227 1.5458152294 1.6490557194 1.4861644506 -4.6142816544 0.3718800843
4.5373969078 1.5455324650 1.6481164694 1.4863085747 -4.6147351265 0.3717386723
4.5377326012 1.5454287529 1.6463100910 1.4864500761 -4.6152601242 0.3716357648
4.5376367569 1.5449998379 1.6457456350 1.4865669012 -4.6157741547 0.3714963198
4.5362892151 1.5439631939 1.6467039585 1.4866838455 -4.6162080765 0.3713508546
4.5350933075 1.5427852869 1.6471384764 1.4867862463 -4.6162700653 0.3712661862
4.5349836349 1.5421437025 1.6464626789 1.4868819714 -4.6165800095 0.3711302876
4.5349922180 1.5421184301 1.6450927258 1.4869929552 -4.6168823242 0.3709867597
4.5350589752 1.5423729420 1.6432702541 1.4871124029 -4.6171231270 0.3709217310
4.5325670242 1.5422757864 1.6447093487 1.4872255325 -4.6177864075 0.3707911372
4.5321125984 1.5418815613 1.6444368362 1.4873197079 -4.6183466911 0.3706514835
4.5321035385 1.5412042141 1.6436879635 1.4874306917 -4.6186919212 0.3705276251
4.5311679840 1.5406470299 1.6434789896 1.4875501394 -4.6187548637 0.3704332709
4.5308408737 1.5406904221 1.6420626640 1.4876919985 -4.6188354492 0.3702887297
4.5307631493 1.5407476425 1.6410864592 1.4878065586 -4.6193799973 0.3701588213
4.5300602913 1.5404673815 1.6412434578 1.4879195690 -4.6203041077 0.3700406551
4.5294313431 1.5401091576 1.6412671804 1.4880447388 -4.6210184097 0.3699600101
4.5287694931 1.5398106575 1.6404889822 1.4881651402 -4.6209840775 0.3698508143
4.5281281471 1.5395390987 1.6399559975 1.4882708788 -4.6210055351 0.3697109520
