#         COST_U        COST_H      COST_D       COST_S       REGU_H       REGU_A          HPO 
1.6564589739 1.0755039454 0.0000000000 0.0000000006 0.0000000000 0.0000000000
1.6481871605 1.0516517162 0.0000000000 0.0000215687 -0.1405328214 0.0004418293
1.6505038738 1.0281645060 0.0000000000 0.0000743615 -0.2772193849 0.0054326812
1.6546672583 1.0051364899 0.0000000000 0.0001002641 -0.4081958234 0.0010953181
1.6603116989 0.9825879931 0.0000000000 0.0001393232 -0.5344802737 0.0036464864
1.6652711630 0.9605287313 0.0000000000 0.0001843901 -0.6568326950 0.0034184179
1.6686391830 0.9389549494 0.0000000000 0.0002247050 -0.7756244540 0.0015469774
1.6717745066 0.9178584814 0.0000000000 0.0002818216 -0.8910605311 0.0012387335
1.6749230623 0.8972281218 0.0000000000 0.0003558967 -1.0035151243 0.0021086410
1.6771723032 0.8770540357 0.0000000000 0.0004196952 -1.1132603884 0.0023139440
1.6789956093 0.8573257327 0.0000000000 0.0004847470 -1.2204254866 0.0016699194
1.6795313358 0.8380321264 0.0000000000 0.0005702184 -1.3251413107 0.0011732231
1.6798557043 0.8191705942 0.0000000000 0.0006608235 -1.4274907112 0.0012942466
1.6809859276 0.8007412553 0.0000000000 0.0007422340 -1.5277724266 0.0016373524
1.6817759275 0.7827440500 0.0000000000 0.0008281095 -1.6259992123 0.0016479982
1.6826243401 0.7651763558 0.0000000000 0.0009276466 -1.7221568823 0.0013424470
1.6836572886 0.7480337620 0.0000000000 0.0010268833 -1.8163113594 0.0011148679
1.6844252348 0.7313225865 0.0000000000 0.0011181588 -1.9084975719 0.0011582782
1.6839014292 0.7150216699 0.0000000000 0.0012154862 -1.9988256693 0.0013354146
1.6826260090 0.6991115808 0.0000000000 0.0013180786 -2.0873777866 0.0014352177
1.6814954281 0.6835788488 0.0000000000 0.0014140280 -2.1742539406 0.0013640089
1.6815538406 0.6684374213 0.0000000000 0.0015051095 -2.2594382763 0.0012442167
1.6817641258 0.6536909938 0.0000000000 0.0016066860 -2.3429243565 0.0012373463
1.6823130846 0.6393416524 0.0000000000 0.0017210585 -2.4247322083 0.0013267896
1.6828104258 0.6253892183 0.0000000000 0.0018438169 -2.5048768520 0.0014175363
1.6835608482 0.6118256450 0.0000000000 0.0019733871 -2.5833840370 0.0014962937
1.6851769686 0.5986410379 0.0000000000 0.0021110228 -2.6602613926 0.0015964014
1.6873550415 0.5858278275 0.0000000000 0.0022575189 -2.7354960442 0.0017108391
1.6888000965 0.5733696818 0.0000000000 0.0024147641 -2.8091385365 0.0018118012
1.6884539127 0.5612268448 0.0000000000 0.0025847009 -2.8813428879 0.0019078341
1.6873276234 0.5493669510 0.0000000000 0.0027649524 -2.9522180557 0.0019816491
1.6859698296 0.5377783179 0.0000000000 0.0029569815 -3.0218024254 0.0020542159
1.6846065521 0.5264552236 0.0000000000 0.0031590993 -3.0901093483 0.0021371311
1.6834151745 0.5153926611 0.0000000000 0.0033755521 -3.1571106911 0.0022231888
1.6822110415 0.5045864582 0.0000000000 0.0036000940 -3.2228112221 0.0022920137
1.6814339161 0.4940296412 0.0000000000 0.0038334108 -3.2872495651 0.0023431242
1.6808308363 0.4837162495 0.0000000000 0.0040860022 -3.3502240181 0.0023922790
1.6806225777 0.4736379385 0.0000000000 0.0043670218 -3.4115884304 0.0024560182
1.6801186800 0.4637842178 0.0000000000 0.0046708346 -3.4711771011 0.0025257841
1.6785010099 0.4541436434 0.0000000000 0.0049989931 -3.5288870335 0.0025968440
1.6748925447 0.4447055161 0.0000000000 0.0053630075 -3.5846140385 0.0026772586
1.6687759161 0.4354596734 0.0000000000 0.0057872804 -3.6382894516 0.0027869509
1.6604694128 0.4264021814 0.0000000000 0.0062727733 -3.6899616718 0.0029203901
1.6508098841 0.4175295830 0.0000000000 0.0068140230 -3.7396712303 0.0030739643
1.6401137114 0.4088382423 0.0000000000 0.0074068964 -3.7875044346 0.0032388507
1.6288280487 0.4003252983 0.0000000000 0.0080449292 -3.8335525990 0.0034236475
1.6170336008 0.3919891417 0.0000000000 0.0087128216 -3.8780057430 0.0036372049
1.6049743891 0.3838296235 0.0000000000 0.0094024520 -3.9208722115 0.0038854100
1.5923616886 0.3758479357 0.0000000000 0.0101096649 -3.9622309208 0.0041481173
1.5791156292 0.3680440485 0.0000000000 0.0108275060 -4.0021491051 0.0044398205
1.5657522678 0.3604201674 0.0000000000 0.0115524558 -4.0407280922 0.0047805682
1.5519586802 0.3529765904 0.0000000000 0.0122805601 -4.0780620575 0.0051490492
1.5375292301 0.3457112312 0.0000000000 0.0130025605 -4.1142268181 0.0055534597
1.5227956772 0.3386235535 0.0000000000 0.0137141366 -4.1492896080 0.0059829988
1.5078533888 0.3317126036 0.0000000000 0.0144211231 -4.1833152771 0.0064418828
1.4927700758 0.3249759376 0.0000000000 0.0151330829 -4.2163362503 0.0069202781
1.4779191017 0.3184123635 0.0000000000 0.0158408638 -4.2484326363 0.0074175932
1.4631521702 0.3120204806 0.0000000000 0.0165536646 -4.2796835899 0.0078886459
1.4484342337 0.3057990670 0.0000000000 0.0172737017 -4.3101701736 0.0083405823
1.4338468313 0.2997442186 0.0000000000 0.0180023164 -4.3399100304 0.0087792557
1.4184049368 0.2938516140 0.0000000000 0.0187421162 -4.3689184189 0.0092193857
1.4026060104 0.2881182730 0.0000000000 0.0194962155 -4.3971562386 0.0096749375
1.3867330551 0.2825408578 0.0000000000 0.0202593114 -4.4246354103 0.0101548024
1.3713947535 0.2771145701 0.0000000000 0.0210356247 -4.4513616562 0.0106408279
1.3567519188 0.2718361020 0.0000000000 0.0218161587 -4.4773750305 0.0111312522
1.3430150747 0.2667020261 0.0000000000 0.0225943886 -4.5026478767 0.0116493739
1.3302911520 0.2617088556 0.0000000000 0.0233721919 -4.5271658897 0.0121988375
1.3184516430 0.2568540573 0.0000000000 0.0241413359 -4.5510058403 0.0127172517
1.3073805571 0.2521333098 0.0000000000 0.0249021742 -4.5741815567 0.0131850131
1.2972056866 0.2475422323 0.0000000000 0.0256639011 -4.5967268944 0.0136220083
1.2873847485 0.2430769503 0.0000000000 0.0264153145 -4.6186542511 0.0140177952
1.2778595686 0.2387316525 0.0000000000 0.0271515250 -4.6399455070 0.0143518113
1.2688096762 0.2345015854 0.0000000000 0.0278741494 -4.6606159210 0.0146230469
1.2599737644 0.2303835601 0.0000000000 0.0285779350 -4.6806869507 0.0148116760
1.2515380383 0.2263743728 0.0000000000 0.0292477291 -4.7001810074 0.0149249397
1.2429997921 0.2224702537 0.0000000000 0.0298763663 -4.7190952301 0.0149666509
1.2344019413 0.2186661959 0.0000000000 0.0304723121 -4.7374811172 0.0149801988
1.2258163691 0.2149594277 0.0000000000 0.0310311280 -4.7553524971 0.0149606466
1.2172349691 0.2113483548 0.0000000000 0.0315832309 -4.7727165222 0.0149147231
1.2086600065 0.2078325599 0.0000000000 0.0321276300 -4.7895803452 0.0148135163
1.2001138926 0.2044105828 0.0000000000 0.0326834135 -4.8059473038 0.0147089297
1.1915600300 0.2010829747 0.0000000000 0.0332523659 -4.8218259811 0.0146279261
1.1830627918 0.1978483051 0.0000000000 0.0338286720 -4.8372287750 0.0145532247
1.1748948097 0.1947052181 0.0000000000 0.0344224870 -4.8521461487 0.0144755058
1.1668212414 0.1916528493 0.0000000000 0.0350427888 -4.8666391373 0.0143934898
1.1587563753 0.1886901110 0.0000000000 0.0356836990 -4.8807396889 0.0143117383
1.1508854628 0.1858145297 0.0000000000 0.0363518298 -4.8944444656 0.0142582767
1.1428352594 0.1830236614 0.0000000000 0.0370460786 -4.9077506065 0.0142175127
1.1350195408 0.1803152263 0.0000000000 0.0377477147 -4.9206476212 0.0142004965
1.1275292635 0.1776883006 0.0000000000 0.0384491533 -4.9331812859 0.0141850384
1.1203415394 0.1751430929 0.0000000000 0.0391396880 -4.9453954697 0.0141654368
1.1134117842 0.1726779044 0.0000000000 0.0398242101 -4.9572782516 0.0141325258
1.1067187786 0.1702918112 0.0000000000 0.0405057147 -4.9688096046 0.0140633024
1.0999274254 0.1679830402 0.0000000000 0.0411681496 -4.9799413681 0.0139809698
1.0931010246 0.1657494307 0.0000000000 0.0418152399 -4.9907069206 0.0138775799
1.0864136219 0.1635865420 0.0000000000 0.0424363688 -5.0010871887 0.0137501732
1.0796639919 0.1614922732 0.0000000000 0.0430403948 -5.0110697746 0.0136257512
1.0730538368 0.1594638526 0.0000000000 0.0436348654 -5.0207018852 0.0135511328
1.0665537119 0.1574994624 0.0000000000 0.0442219861 -5.0300145149 0.0135155190
1.0601874590 0.1555978060 0.0000000000 0.0447874442 -5.0390119553 0.0134885442
1.0539551973 0.1537578851 0.0000000000 0.0453316607 -5.0477290154 0.0134700388
1.0481263399 0.1519779116 0.0000000000 0.0458496101 -5.0561475754 0.0134950709
1.0424436331 0.1502564102 0.0000000000 0.0463504456 -5.0642671585 0.0135504864
1.0365977287 0.1485909373 0.0000000000 0.0468447842 -5.0720577240 0.0136138685
1.0308461189 0.1469787508 0.0000000000 0.0473301187 -5.0795383453 0.0136558805
1.0254477262 0.1454185396 0.0000000000 0.0477998741 -5.0867056847 0.0136783477
1.0205758810 0.1439092308 0.0000000000 0.0482330956 -5.0936312675 0.0136554586
1.0160758495 0.1424495131 0.0000000000 0.0486329272 -5.1003608704 0.0135867838
1.0116018057 0.1410367489 0.0000000000 0.0490000024 -5.1069111824 0.0134651773
1.0071688890 0.1396707743 0.0000000000 0.0493293591 -5.1132640839 0.0133049190
1.0027136803 0.1383512020 0.0000000000 0.0496326871 -5.1194190979 0.0131581975
0.9982535243 0.1370775700 0.0000000000 0.0499072857 -5.1253886223 0.0130324084
0.9937698841 0.1358492672 0.0000000000 0.0501782261 -5.1312046051 0.0129261948
0.9892997742 0.1346662492 0.0000000000 0.0504554026 -5.1368837357 0.0128518716
0.9850521684 0.1335263103 0.0000000000 0.0507336706 -5.1424779892 0.0127974469
0.9809674621 0.1324278116 0.0000000000 0.0510129705 -5.1479620934 0.0127748623
0.9771400094 0.1313702315 0.0000000000 0.0512950793 -5.1532959938 0.0127640218
0.9732657671 0.1303524226 0.0000000000 0.0515965670 -5.1584696770 0.0127547197
0.9696602821 0.1293734014 0.0000000000 0.0518928319 -5.1635169983 0.0127346814
0.9663598537 0.1284317821 0.0000000000 0.0521876626 -5.1684808731 0.0126814255
0.9631933570 0.1275266260 0.0000000000 0.0524720624 -5.1733326912 0.0126276212
0.9599059820 0.1266564280 0.0000000000 0.0527434349 -5.1780657768 0.0125718890
0.9565579891 0.1258189678 0.0000000000 0.0530112088 -5.1826448441 0.0125224702
0.9531482458 0.1250132620 0.0000000000 0.0532809719 -5.1870756149 0.0124908872
0.9498736262 0.1242391840 0.0000000000 0.0535441600 -5.1913647652 0.0124659166
0.9468310475 0.1234966591 0.0000000000 0.0538063236 -5.1955318451 0.0124375131
0.9440871477 0.1227830350 0.0000000000 0.0540568605 -5.1996183395 0.0124202706
0.9413674474 0.1220951304 0.0000000000 0.0543025024 -5.2035951614 0.0124061853
0.9388099313 0.1214301735 0.0000000000 0.0545565225 -5.2074842453 0.0123939924
0.9361523986 0.1207883209 0.0000000000 0.0548165180 -5.2112522125 0.0123853683
0.9335616827 0.1201686710 0.0000000000 0.0550719462 -5.2149047852 0.0123692863
0.9309956431 0.1195706725 0.0000000000 0.0553110689 -5.2184147835 0.0123310387
0.9283795953 0.1189925596 0.0000000000 0.0555353649 -5.2217407227 0.0122548081
0.9257714152 0.1184349805 0.0000000000 0.0557548665 -5.2249054909 0.0121497456
0.9233634472 0.1179002523 0.0000000000 0.0559643880 -5.2279753685 0.0120128281
0.9211378098 0.1173902676 0.0000000000 0.0561705418 -5.2309408188 0.0118570356
0.9190481305 0.1169027537 0.0000000000 0.0563682504 -5.2337694168 0.0117073078
0.9169626236 0.1164361238 0.0000000000 0.0565677434 -5.2364993095 0.0115898848
0.9150350690 0.1159895509 0.0000000000 0.0567577891 -5.2391552925 0.0115027688
0.9132989645 0.1155629158 0.0000000000 0.0569342598 -5.2417411804 0.0114334710
0.9118461013 0.1151566580 0.0000000000 0.0570927300 -5.2443699837 0.0113604823
0.9105488062 0.1147693172 0.0000000000 0.0572382696 -5.2470107079 0.0112865735
0.9094364047 0.1144000962 0.0000000000 0.0573564731 -5.2496128082 0.0112138987
0.9084298611 0.1140478402 0.0000000000 0.0574415922 -5.2521705627 0.0111471880
0.9075226188 0.1137110963 0.0000000000 0.0574913621 -5.2546548843 0.0110775400
0.9066856503 0.1133886278 0.0000000000 0.0575259104 -5.2570533752 0.0110185398
0.9058720469 0.1130785495 0.0000000000 0.0575566366 -5.2593989372 0.0109796692
0.9051104784 0.1127788574 0.0000000000 0.0575896576 -5.2616496086 0.0109436382
0.9043038487 0.1124904677 0.0000000000 0.0576296225 -5.2637548447 0.0109250303
0.9034516215 0.1122144163 0.0000000000 0.0576801337 -5.2657370567 0.0109252874
0.9026365876 0.1119499356 0.0000000000 0.0577334538 -5.2676525116 0.0109196827
0.9019351006 0.1116966903 0.0000000000 0.0577861741 -5.2695770264 0.0108989002
0.9014004469 0.1114526093 0.0000000000 0.0578412339 -5.2715053558 0.0108634671
0.9008703232 0.1112175509 0.0000000000 0.0579021834 -5.2733540535 0.0108254813
0.9003598690 0.1109929234 0.0000000000 0.0579602830 -5.2751197815 0.0107774492
0.8999147415 0.1107792854 0.0000000000 0.0580117144 -5.2768630981 0.0107194502
0.8994886875 0.1105752960 0.0000000000 0.0580795035 -5.2786068916 0.0106795616
0.8990952373 0.1103791744 0.0000000000 0.0581503138 -5.2803621292 0.0106498972
0.8986825943 0.1101902425 0.0000000000 0.0582226813 -5.2820596695 0.0106222704
0.8983975053 0.1100104600 0.0000000000 0.0582812801 -5.2837238312 0.0106124654
0.8981798291 0.1098409146 0.0000000000 0.0583229214 -5.2853631973 0.0106113199
0.8979412317 0.1096798480 0.0000000000 0.0583632626 -5.2869315147 0.0106141660
0.8977248073 0.1095255613 0.0000000000 0.0584080406 -5.2884769440 0.0106272586
0.8974589109 0.1093788520 0.0000000000 0.0584599860 -5.2899384499 0.0106503414
0.8972204924 0.1092391387 0.0000000000 0.0584951341 -5.2913379669 0.0106695918
0.8970408440 0.1091075316 0.0000000000 0.0584998317 -5.2926959991 0.0106838662
0.8968626857 0.1089838073 0.0000000000 0.0585015528 -5.2940440178 0.0106811114
0.8967006207 0.1088669971 0.0000000000 0.0585147552 -5.2953438759 0.0106581375
0.8966245651 0.1087563038 0.0000000000 0.0585387461 -5.2965965271 0.0106390212
0.8965086937 0.1086530238 0.0000000000 0.0585733950 -5.2978301048 0.0106103625
0.8963807821 0.1085562408 0.0000000000 0.0586190931 -5.2990379333 0.0105671063
0.8962239623 0.1084659472 0.0000000000 0.0586676784 -5.3001780510 0.0105261430
0.8960413933 0.1083816066 0.0000000000 0.0587352067 -5.3012566566 0.0104863532
0.8957791328 0.1083021760 0.0000000000 0.0588278435 -5.3022480011 0.0104334326
0.8954601288 0.1082274541 0.0000000000 0.0589348488 -5.3032064438 0.0103882868
0.8951592445 0.1081572101 0.0000000000 0.0590498708 -5.3041601181 0.0103514595
0.8948231936 0.1080916822 0.0000000000 0.0591698140 -5.3051309586 0.0103272386
0.8945150375 0.1080299616 0.0000000000 0.0592842326 -5.3060607910 0.0103084799
0.8941918015 0.1079704240 0.0000000000 0.0594096780 -5.3069472313 0.0102839060
0.8938516974 0.1079118922 0.0000000000 0.0595509484 -5.3077864647 0.0102458401
0.8935765624 0.1078566685 0.0000000000 0.0596918613 -5.3086662292 0.0102018621
0.8933894634 0.1078066826 0.0000000000 0.0598267540 -5.3095889091 0.0101587866
0.8931772113 0.1077613607 0.0000000000 0.0599510819 -5.3104391098 0.0101300571
0.8928722739 0.1077191234 0.0000000000 0.0600734502 -5.3111972809 0.0101085547
0.8925580382 0.1076815277 0.0000000000 0.0601956286 -5.3119001389 0.0100913392
0.8922799230 0.1076484770 0.0000000000 0.0602912158 -5.3125948906 0.0100765694
0.8920450211 0.1076184511 0.0000000000 0.0603665896 -5.3132944107 0.0100402497
0.8918735981 0.1075922102 0.0000000000 0.0604249537 -5.3140044212 0.0099798851
0.8917294741 0.1075677574 0.0000000000 0.0604656227 -5.3146576881 0.0099346805
0.8915542960 0.1075465232 0.0000000000 0.0605081394 -5.3152794838 0.0098955482
0.8913751245 0.1075275913 0.0000000000 0.0605446398 -5.3158874512 0.0098503474
0.8912312984 0.1075105146 0.0000000000 0.0605743006 -5.3164787292 0.0098238792
0.8910837173 0.1074951962 0.0000000000 0.0605961755 -5.3170681000 0.0098034265
0.8908533454 0.1074811593 0.0000000000 0.0606302693 -5.3176488876 0.0097819827
0.8906139135 0.1074703336 0.0000000000 0.0606825501 -5.3182148933 0.0097692143
0.8902314305 0.1074637547 0.0000000000 0.0607608072 -5.3187537193 0.0097513385
0.8897262812 0.1074582040 0.0000000000 0.0608691052 -5.3192095757 0.0097440174
0.8891329765 0.1074534506 0.0000000000 0.0610062443 -5.3196291924 0.0097391298
0.8885635138 0.1074495986 0.0000000000 0.0611564890 -5.3200922012 0.0097471112
0.8880735636 0.1074473932 0.0000000000 0.0613138378 -5.3205623627 0.0097524431
0.8875973225 0.1074490696 0.0000000000 0.0614675842 -5.3209872246 0.0097592259
0.8871834874 0.1074529663 0.0000000000 0.0616059005 -5.3214464188 0.0097506288
0.8868280649 0.1074596494 0.0000000000 0.0617325231 -5.3219413757 0.0097319996
0.8864582181 0.1074671224 0.0000000000 0.0618611090 -5.3223967552 0.0097092129
0.8860719204 0.1074750349 0.0000000000 0.0619953610 -5.3228044510 0.0096855620
0.8856710792 0.1074849889 0.0000000000 0.0621286519 -5.3231821060 0.0096615767
0.8853408098 0.1074981093 0.0000000000 0.0622559786 -5.3235902786 0.0096268971
0.8850758672 0.1075133160 0.0000000000 0.0623539761 -5.3240194321 0.0095681455
0.8847759962 0.1075285524 0.0000000000 0.0624438599 -5.3243994713 0.0095118033
0.8845030665 0.1075444892 0.0000000000 0.0625266060 -5.3247642517 0.0094679492
0.8843094110 0.1075625345 0.0000000000 0.0625958145 -5.3251724243 0.0094219036
0.8841377497 0.1075807735 0.0000000000 0.0626539588 -5.3255825043 0.0093782078
0.8839669228 0.1076017544 0.0000000000 0.0626916140 -5.3259654045 0.0093325078
0.8837509155 0.1076230332 0.0000000000 0.0627252311 -5.3263068199 0.0092821792
0.8835682273 0.1076459587 0.0000000000 0.0627636909 -5.3266754150 0.0092446990
0.8834062815 0.1076696590 0.0000000000 0.0627801493 -5.3270349503 0.0092159808
0.8832619190 0.1076949835 0.0000000000 0.0627814233 -5.3274445534 0.0091923382
0.8831441402 0.1077212691 0.0000000000 0.0627649948 -5.3278551102 0.0091742733
0.8830282092 0.1077484712 0.0000000000 0.0627160966 -5.3282313347 0.0091615077
0.8828888535 0.1077759340 0.0000000000 0.0626490787 -5.3285465240 0.0091595780
0.8826758265 0.1078023985 0.0000000000 0.0625633076 -5.3287625313 0.0091669410
0.8824703693 0.1078291163 0.0000000000 0.0624845587 -5.3289694786 0.0091802375
0.8823191524 0.1078563780 0.0000000000 0.0624161921 -5.3292012215 0.0091855740
0.8822980523 0.1078839377 0.0000000000 0.0623567440 -5.3295226097 0.0091856495
0.8822959065 0.1079109535 0.0000000000 0.0623029396 -5.3298592567 0.0091742082
0.8822745681 0.1079377457 0.0000000000 0.0622602813 -5.3301534653 0.0091622546
0.8821600676 0.1079635769 0.0000000000 0.0622307956 -5.3304042816 0.0091593768
0.8821010590 0.1079883277 0.0000000000 0.0621860512 -5.3306822777 0.0091552855
0.8820782304 0.1080127433 0.0000000000 0.0621397980 -5.3309783936 0.0091465600
0.8820528984 0.1080378145 0.0000000000 0.0620964244 -5.3312540054 0.0091392584
0.8819604516 0.1080624163 0.0000000000 0.0620699301 -5.3314819336 0.0091445986
0.8818721771 0.1080866829 0.0000000000 0.0620634407 -5.3317098618 0.0091552185
0.8817741871 0.1081091240 0.0000000000 0.0620671213 -5.3319292068 0.0091607254
0.8816155791 0.1081296429 0.0000000000 0.0620799623 -5.3321104050 0.0091527402
0.8814762235 0.1081486344 0.0000000000 0.0620929450 -5.3322563171 0.0091444515
0.8813287616 0.1081684455 0.0000000000 0.0621126890 -5.3324389458 0.0091462918
0.8812994361 0.1081881747 0.0000000000 0.0621260591 -5.3327169418 0.0091434522
0.8813272119 0.1082071736 0.0000000000 0.0621362552 -5.3330154419 0.0091241840
0.8812538981 0.1082236022 0.0000000000 0.0621442534 -5.3331899643 0.0091086067
0.8810279965 0.1082384512 0.0000000000 0.0621534511 -5.3332576752 0.0090966560
0.8808518052 0.1082546040 0.0000000000 0.0621779747 -5.3333654404 0.0090917572
0.8806806207 0.1082716808 0.0000000000 0.0622075312 -5.3334760666 0.0090898965
0.8805871010 0.1082902253 0.0000000000 0.0622339919 -5.3336391449 0.0090828249
0.8805033565 0.1083087325 0.0000000000 0.0622605942 -5.3338093758 0.0090709236
0.8805186152 0.1083281785 0.0000000000 0.0622724630 -5.3340201378 0.0090498123
0.8805417418 0.1083471850 0.0000000000 0.0622762330 -5.3342380524 0.0090266867
0.8805331588 0.1083654240 0.0000000000 0.0622700043 -5.3344364166 0.0090113897
0.8804982901 0.1083828211 0.0000000000 0.0622803681 -5.3345699310 0.0089979526
0.8803998232 0.1084011272 0.0000000000 0.0622910224 -5.3346657753 0.0089951102
0.8803479671 0.1084196717 0.0000000000 0.0622856952 -5.3348026276 0.0089977989
0.8802874088 0.1084361672 0.0000000000 0.0622784570 -5.3349399567 0.0089976378
0.8801918626 0.1084519997 0.0000000000 0.0622835755 -5.3350210190 0.0089950059
0.8800830841 0.1084694862 0.0000000000 0.0622942522 -5.3351173401 0.0089840814
0.8800244927 0.1084884703 0.0000000000 0.0623036399 -5.3352575302 0.0089703463
0.8800026178 0.1085069478 0.0000000000 0.0623148195 -5.3354187012 0.0089701144
0.8799436688 0.1085244045 0.0000000000 0.0623194575 -5.3355588913 0.0089775175
0.8798035979 0.1085396111 0.0000000000 0.0623300895 -5.3356122971 0.0089800972
0.8796921968 0.1085565686 0.0000000000 0.0623418242 -5.3357071877 0.0089820633
0.8796235323 0.1085744128 0.0000000000 0.0623476766 -5.3358273506 0.0089908447
0.8795866966 0.1085913554 0.0000000000 0.0623336248 -5.3359503746 0.0089913383
0.8795639873 0.1086093783 0.0000000000 0.0622987002 -5.3360652924 0.0089995395
0.8795142174 0.1086273044 0.0000000000 0.0622781292 -5.3361892700 0.0090036932
0.8795333505 0.1086455882 0.0000000000 0.0622652806 -5.3363604546 0.0090108681
0.8795332909 0.1086634248 0.0000000000 0.0622703843 -5.3365535736 0.0090245660
0.8793991804 0.1086800173 0.0000000000 0.0622947589 -5.3366823196 0.0090449341
0.8791930676 0.1086949334 0.0000000000 0.0623267107 -5.3367357254 0.0090715596
0.8790581226 0.1087097749 0.0000000000 0.0623481907 -5.3368144035 0.0090956530
0.8788861036 0.1087248772 0.0000000000 0.0623726808 -5.3368988037 0.0091042640
0.8787890077 0.1087404862 0.0000000000 0.0623966418 -5.3369660378 0.0090884948
0.8786592484 0.1087541655 0.0000000000 0.0624262951 -5.3370404243 0.0090800328
0.8785521388 0.1087683365 0.0000000000 0.0624630600 -5.3371706009 0.0090802601
0.8784691095 0.1087843701 0.0000000000 0.0624972880 -5.3373289108 0.0090876296
0.8784556985 0.1088011712 0.0000000000 0.0625234917 -5.3375110626 0.0090776971
0.8783788681 0.1088147536 0.0000000000 0.0625493973 -5.3376464844 0.0090663759
0.8781691194 0.1088251844 0.0000000000 0.0625803471 -5.3376622200 0.0090581030
0.8779690862 0.1088353768 0.0000000000 0.0626200065 -5.3376936913 0.0090509783
0.8777582645 0.1088461056 0.0000000000 0.0626595840 -5.3377294540 0.0090461615
0.8775924444 0.1088571697 0.0000000000 0.0627018735 -5.3377828598 0.0090572117
0.8774413466 0.1088687330 0.0000000000 0.0627364516 -5.3378858566 0.0090591079
0.8773209453 0.1088797972 0.0000000000 0.0627748370 -5.3379764557 0.0090562925
0.8771412373 0.1088906750 0.0000000000 0.0628147647 -5.3380298615 0.0090486789
0.8769693375 0.1089019328 0.0000000000 0.0628440678 -5.3380575180 0.0090282355
0.8768364787 0.1089129746 0.0000000000 0.0628622770 -5.3380775452 0.0090063028
0.8766943812 0.1089255214 0.0000000000 0.0628800169 -5.3381090164 0.0089903167
0.8765575290 0.1089380309 0.0000000000 0.0628978983 -5.3381438255 0.0089759165
0.8764464259 0.1089502200 0.0000000000 0.0629225969 -5.3382186890 0.0089667300
0.8763387203 0.1089614779 0.0000000000 0.0629335493 -5.3382916451 0.0089651737
0.8762568235 0.1089728326 0.0000000000 0.0629425794 -5.3383789062 0.0089615323
0.8761186004 0.1089848578 0.0000000000 0.0629591346 -5.3384947777 0.0089550102
0.8759912848 0.1089949161 0.0000000000 0.0629586279 -5.3385677338 0.0089577194
0.8757981658 0.1090056077 0.0000000000 0.0629643723 -5.3385677338 0.0089743491
0.8756248951 0.1090174317 0.0000000000 0.0629606619 -5.3386116028 0.0089880526
0.8755193353 0.1090285927 0.0000000000 0.0629547164 -5.3387045860 0.0089934077
0.8755061030 0.1090392619 0.0000000000 0.0629517063 -5.3388557434 0.0089976862
0.8753889203 0.1090491414 0.0000000000 0.0629513189 -5.3389458656 0.0089962240
0.8752845526 0.1090590581 0.0000000000 0.0629721135 -5.3390417099 0.0090044234
0.8751292229 0.1090683937 0.0000000000 0.0629869178 -5.3390998840 0.0090186791
0.8750277162 0.1090759709 0.0000000000 0.0629922003 -5.3391623497 0.0090313582
0.8749417067 0.1090836748 0.0000000000 0.0629950240 -5.3392276764 0.0090343542
0.8748427033 0.1090920568 0.0000000000 0.0630112439 -5.3393020630 0.0090377601
0.8747306466 0.1091013625 0.0000000000 0.0630342662 -5.3393850327 0.0090452004
0.8746437430 0.1091109365 0.0000000000 0.0630707443 -5.3394975662 0.0090480298
0.8745827079 0.1091197729 0.0000000000 0.0630890653 -5.3396167755 0.0090506114
0.8744171262 0.1091274396 0.0000000000 0.0631181002 -5.3396391869 0.0090497639
0.8741362095 0.1091344878 0.0000000000 0.0631613284 -5.3395895958 0.0090580741
0.8739072084 0.1091429144 0.0000000000 0.0632124692 -5.3395776749 0.0090660769
0.8737003207 0.1091499627 0.0000000000 0.0632494465 -5.3396320343 0.0090724286
0.8735844493 0.1091575250 0.0000000000 0.0632843003 -5.3397493362 0.0090752915
0.8735002279 0.1091655195 0.0000000000 0.0633313358 -5.3398966789 0.0090803988
0.8732634187 0.1091709137 0.0000000000 0.0634015575 -5.3399467468 0.0090859132
0.8729692101 0.1091774181 0.0000000000 0.0634756535 -5.3399600983 0.0090999119
0.8727889657 0.1091865897 0.0000000000 0.0635380670 -5.3400378227 0.0091144526
0.8725448847 0.1091942638 0.0000000000 0.0635882095 -5.3400635719 0.0091289524
0.8722141981 0.1091983393 0.0000000000 0.0636304393 -5.3399996758 0.0091422303
0.8719618917 0.1092023477 0.0000000000 0.0636758283 -5.3399848938 0.0091448966
0.8718499541 0.1092088893 0.0000000000 0.0637147501 -5.3400845528 0.0091451909
0.8716377020 0.1092145592 0.0000000000 0.0637656674 -5.3401765823 0.0091529125
0.8713608384 0.1092178747 0.0000000000 0.0638289079 -5.3401951790 0.0091463886
0.8710340858 0.1092202887 0.0000000000 0.0639017895 -5.3401317596 0.0091417609
0.8707688451 0.1092220768 0.0000000000 0.0639553890 -5.3401212692 0.0091370037
0.8706007600 0.1092257202 0.0000000000 0.0640031919 -5.3401608467 0.0091430461
0.8704718351 0.1092319265 0.0000000000 0.0640336126 -5.3401875496 0.0091554383
0.8703700900 0.1092382148 0.0000000000 0.0640516579 -5.3402166367 0.0091601266
0.8701716065 0.1092436984 0.0000000000 0.0640839413 -5.3401923180 0.0091577787
0.8699629903 0.1092460379 0.0000000000 0.0641124174 -5.3401451111 0.0091501772
0.8697791100 0.1092480943 0.0000000000 0.0641400889 -5.3400964737 0.0091476366
0.8696699739 0.1092527062 0.0000000000 0.0641504675 -5.3401193619 0.0091382209
0.8696936965 0.1092593074 0.0000000000 0.0641332790 -5.3402285576 0.0091180187
0.8697183132 0.1092638001 0.0000000000 0.0641047508 -5.3403091431 0.0090923924
0.8696151376 0.1092653498 0.0000000000 0.0640920699 -5.3403043747 0.0090765022
0.8693673611 0.1092654541 0.0000000000 0.0640810356 -5.3401575089 0.0090632746
0.8691427112 0.1092678905 0.0000000000 0.0640572235 -5.3400306702 0.0090524349
0.8691072464 0.1092722341 0.0000000000 0.0640147775 -5.3400349617 0.0090400288
0.8690702915 0.1092745364 0.0000000000 0.0639631450 -5.3400635719 0.0090330336
0.8690323234 0.1092769876 0.0000000000 0.0639146715 -5.3401050568 0.0090299034
0.8689665794 0.1092783660 0.0000000000 0.0638787001 -5.3401031494 0.0090280576
0.8688195348 0.1092790514 0.0000000000 0.0638458431 -5.3400669098 0.0090301558
0.8686925173 0.1092804000 0.0000000000 0.0638165846 -5.3400411606 0.0090337843
0.8686181307 0.1092829779 0.0000000000 0.0637772083 -5.3400607109 0.0090325838
0.8686269522 0.1092864946 0.0000000000 0.0637278110 -5.3401188850 0.0090296064
0.8686074018 0.1092893630 0.0000000000 0.0636863485 -5.3401441574 0.0090159681
0.8684953451 0.1092900336 0.0000000000 0.0636673495 -5.3400888443 0.0090068365
0.8684424162 0.1092912927 0.0000000000 0.0636395961 -5.3400731087 0.0090041561
0.8684251308 0.1092920676 0.0000000000 0.0636149198 -5.3400831223 0.0089942096
0.8684071898 0.1092956811 0.0000000000 0.0635972545 -5.3401565552 0.0089926077
0.8684327006 0.1093018502 0.0000000000 0.0635785162 -5.3402547836 0.0089920815
0.8684122562 0.1093069986 0.0000000000 0.0635703206 -5.3403062820 0.0089858677
0.8683437705 0.1093099862 0.0000000000 0.0635559410 -5.3402686119 0.0089712078
0.8682361841 0.1093097776 0.0000000000 0.0635408834 -5.3402190208 0.0089618787
0.8680685759 0.1093090102 0.0000000000 0.0635300726 -5.3401374817 0.0089603839
0.8679504395 0.1093117222 0.0000000000 0.0635270104 -5.3400936127 0.0089669619
0.8679892421 0.1093182042 0.0000000000 0.0635141954 -5.3401918411 0.0089644268
0.8680021763 0.1093225926 0.0000000000 0.0635038763 -5.3402638435 0.0089542121
0.8679975867 0.1093270779 0.0000000000 0.0634887144 -5.3402953148 0.0089482609
0.8680017591 0.1093299612 0.0000000000 0.0634627715 -5.3403234482 0.0089416765
0.8679888248 0.1093340367 0.0000000000 0.0634561479 -5.3403625488 0.0089371651
0.8679267764 0.1093382910 0.0000000000 0.0634499043 -5.3403577805 0.0089356974
0.8679473996 0.1093403548 0.0000000000 0.0634214208 -5.3404026031 0.0089259455
0.8680279851 0.1093419194 0.0000000000 0.0633885637 -5.3404831886 0.0089230519
0.8680574298 0.1093438938 0.0000000000 0.0633576214 -5.3405480385 0.0089208838
0.8680086136 0.1093473956 0.0000000000 0.0633169338 -5.3405594826 0.0089237792
0.8680421114 0.1093520150 0.0000000000 0.0632723942 -5.3406028748 0.0089210421
0.8680128455 0.1093543693 0.0000000000 0.0632341504 -5.3405909538 0.0089211958
0.8679602146 0.1093540117 0.0000000000 0.0632000342 -5.3405833244 0.0089252945
0.8679901361 0.1093554571 0.0000000000 0.0631670803 -5.3406090736 0.0089170169
0.8680389524 0.1093584597 0.0000000000 0.0631210282 -5.3406648636 0.0089039849
0.8680006862 0.1093604937 0.0000000000 0.0630896091 -5.3406338692 0.0089000762
0.8679237366 0.1093616784 0.0000000000 0.0630715415 -5.3405761719 0.0089005586
0.8678452373 0.1093611568 0.0000000000 0.0630476326 -5.3405370712 0.0089064958
0.8678907156 0.1093624309 0.0000000000 0.0630151629 -5.3405752182 0.0089098029
0.8679466844 0.1093656644 0.0000000000 0.0629690289 -5.3406214714 0.0088995490
0.8679755330 0.1093683690 0.0000000000 0.0629274696 -5.3406567574 0.0088967802
0.8678503633 0.1093677804 0.0000000000 0.0629119501 -5.3405742645 0.0089007821
0.8677319884 0.1093671396 0.0000000000 0.0628891438 -5.3404607773 0.0089011621
0.8677297831 0.1093675196 0.0000000000 0.0628392324 -5.3404674530 0.0088878684
0.8678610325 0.1093697101 0.0000000000 0.0627885386 -5.3405656815 0.0088781705
0.8678498268 0.1093704700 0.0000000000 0.0627386644 -5.3405547142 0.0088808145
0.8677636981 0.1093704626 0.0000000000 0.0626994744 -5.3405084610 0.0088803209
0.8678437471 0.1093712524 0.0000000000 0.0626714379 -5.3405566216 0.0088761840
0.8678842783 0.1093718782 0.0000000000 0.0626317486 -5.3406105042 0.0088666994
0.8678517342 0.1093717739 0.0000000000 0.0625993386 -5.3406057358 0.0088660084
0.8677909374 0.1093730107 0.0000000000 0.0625689924 -5.3405771255 0.0088758375
0.8677182794 0.1093732193 0.0000000000 0.0625432879 -5.3405084610 0.0088779759
0.8677492142 0.1093748435 0.0000000000 0.0625191256 -5.3405280113 0.0088618603
0.8677529693 0.1093744710 0.0000000000 0.0624855123 -5.3405313492 0.0088525265
0.8677714467 0.1093745083 0.0000000000 0.0624415278 -5.3405327797 0.0088495053
0.8677145243 0.1093742400 0.0000000000 0.0624108911 -5.3404974937 0.0088607641
0.8676638603 0.1093758270 0.0000000000 0.0623981096 -5.3404955864 0.0088735493
0.8677296638 0.1093782410 0.0000000000 0.0623779669 -5.3405785561 0.0088698240
0.8677820563 0.1093780771 0.0000000000 0.0623567440 -5.3406310081 0.0088601746
0.8677852154 0.1093772203 0.0000000000 0.0623454899 -5.3406629562 0.0088644149
0.8677247167 0.1093767360 0.0000000000 0.0623316877 -5.3406333923 0.0088729374
0.8676936626 0.1093763039 0.0000000000 0.0623073392 -5.3405957222 0.0088707693
0.8677085042 0.1093754396 0.0000000000 0.0622749254 -5.3405928612 0.0088614784
0.8676666617 0.1093742177 0.0000000000 0.0622504503 -5.3405485153 0.0088551287
0.8676852584 0.1093753651 0.0000000000 0.0622205362 -5.3405456543 0.0088577289
0.8676741719 0.1093743742 0.0000000000 0.0621942580 -5.3405451775 0.0088596568
0.8677366376 0.1093752161 0.0000000000 0.0621640980 -5.3405833244 0.0088562537
0.8677484989 0.1093769595 0.0000000000 0.0621579811 -5.3406381607 0.0088613555
0.8677603602 0.1093790233 0.0000000000 0.0621537901 -5.3406791687 0.0088690538
0.8677854538 0.1093819141 0.0000000000 0.0621561892 -5.3407392502 0.0088740978
0.8677573204 0.1093830317 0.0000000000 0.0621546209 -5.3407406807 0.0088700326
0.8677489758 0.1093831733 0.0000000000 0.0621374138 -5.3407039642 0.0088597778
0.8677095771 0.1093820557 0.0000000000 0.0621231459 -5.3407011032 0.0088564241
0.8676680326 0.1093822122 0.0000000000 0.0621202029 -5.3406867981 0.0088630589
0.8676271439 0.1093836501 0.0000000000 0.0621219873 -5.3406810760 0.0088767959
0.8675972819 0.1093864143 0.0000000000 0.0621212125 -5.3406724930 0.0088831680
0.8676040173 0.1093868166 0.0000000000 0.0621054918 -5.3407049179 0.0088827033
0.8675887585 0.1093861237 0.0000000000 0.0620842800 -5.3406834602 0.0088869408
0.8675657511 0.1093861163 0.0000000000 0.0620656759 -5.3406767845 0.0088897105
0.8675483465 0.1093869358 0.0000000000 0.0620614998 -5.3406910896 0.0088876821
0.8674881458 0.1093887910 0.0000000000 0.0620665513 -5.3406858444 0.0088950824
0.8674866557 0.1093930602 0.0000000000 0.0620742552 -5.3407297134 0.0089083128
0.8673865795 0.1093940139 0.0000000000 0.0620689392 -5.3406744003 0.0089056464
0.8673027158 0.1093950495 0.0000000000 0.0620566010 -5.3406171799 0.0089073069
0.8672412038 0.1093951985 0.0000000000 0.0620462149 -5.3405733109 0.0089067779
0.8672287464 0.1093955785 0.0000000000 0.0620494038 -5.3406004906 0.0089094602
0.8672607541 0.1093969643 0.0000000000 0.0620517731 -5.3406596184 0.0089073014
0.8672583103 0.1093976870 0.0000000000 0.0620388687 -5.3406739235 0.0088935848
0.8672841191 0.1094008461 0.0000000000 0.0620233826 -5.3407011032 0.0088881664
0.8672148585 0.1094013974 0.0000000000 0.0620182604 -5.3406624794 0.0088931136
0.8671997786 0.1094011739 0.0000000000 0.0620208830 -5.3407073021 0.0089030238
0.8672016859 0.1094017625 0.0000000000 0.0620119423 -5.3407354355 0.0089142043
0.8671630025 0.1094021872 0.0000000000 0.0619997904 -5.3407359123 0.0089185033
0.8670984507 0.1094021276 0.0000000000 0.0619774237 -5.3406953812 0.0089196227
0.8670503497 0.1094038337 0.0000000000 0.0619688891 -5.3406801224 0.0089193434
0.8670367002 0.1094067469 0.0000000000 0.0619670786 -5.3407235146 0.0089240018
0.8670762777 0.1094085425 0.0000000000 0.0619610548 -5.3407897949 0.0089253783
0.8670845628 0.1094097495 0.0000000000 0.0619545653 -5.3408107758 0.0089264968
0.8669875264 0.1094110087 0.0000000000 0.0619339086 -5.3407649994 0.0089348983
0.8669272065 0.1094116792 0.0000000000 0.0619059466 -5.3407077789 0.0089408215
0.8668599129 0.1094123349 0.0000000000 0.0618878119 -5.3406629562 0.0089441501
0.8669130802 0.1094145030 0.0000000000 0.0618734397 -5.3407354355 0.0089378459
0.8669927120 0.1094162688 0.0000000000 0.0618667565 -5.3408107758 0.0089307465
0.8670067191 0.1094180197 0.0000000000 0.0618550144 -5.3408536911 0.0089216977
0.8669923544 0.1094190404 0.0000000000 0.0618393347 -5.3408579826 0.0089179408
0.8669206500 0.1094186157 0.0000000000 0.0618286543 -5.3408074379 0.0089302287
0.8668351173 0.1094177663 0.0000000000 0.0618202798 -5.3407344818 0.0089288782
0.8667851686 0.1094165444 0.0000000000 0.0618194938 -5.3407249451 0.0089185210
0.8667989373 0.1094175130 0.0000000000 0.0618143938 -5.3407497406 0.0089058587
0.8667999506 0.1094194800 0.0000000000 0.0618087240 -5.3407669067 0.0089039300
0.8668313622 0.1094207168 0.0000000000 0.0617924742 -5.3408026695 0.0089039570
0.8667539358 0.1094184220 0.0000000000 0.0617824681 -5.3407759666 0.0089021828
0.8667284250 0.1094195023 0.0000000000 0.0617672205 -5.3407583237 0.0088978261
0.8667065501 0.1094205976 0.0000000000 0.0617551506 -5.3407721519 0.0088983057
0.8667379618 0.1094221696 0.0000000000 0.0617415421 -5.3408193588 0.0089016445
0.8667417765 0.1094220504 0.0000000000 0.0617281944 -5.3408317566 0.0089074532
0.8667017221 0.1094223857 0.0000000000 0.0617209226 -5.3408250809 0.0089137573
0.8666282296 0.1094203666 0.0000000000 0.0617097169 -5.3407597542 0.0089127924
0.8665975332 0.1094179377 0.0000000000 0.0617056489 -5.3407430649 0.0089148097
0.8664975166 0.1094144732 0.0000000000 0.0617074706 -5.3406834602 0.0089169927
0.8665068150 0.1094140559 0.0000000000 0.0616954789 -5.3407020569 0.0089151952
0.8666054606 0.1094167978 0.0000000000 0.0616773404 -5.3408136368 0.0089102155
0.8666561246 0.1094184294 0.0000000000 0.0616615005 -5.3408694267 0.0089040240
0.8666134477 0.1094180197 0.0000000000 0.0616319291 -5.3408327103 0.0089042587
0.8666309714 0.1094187722 0.0000000000 0.0616072454 -5.3408575058 0.0089071169
0.8665869832 0.1094192415 0.0000000000 0.0615926385 -5.3408288956 0.0089115705
0.8664232492 0.1094178185 0.0000000000 0.0615971051 -5.3406925201 0.0089103840
0.8663271666 0.1094181910 0.0000000000 0.0616006218 -5.3406238556 0.0089103095
0.8663182855 0.1094179079 0.0000000000 0.0615986101 -5.3406667709 0.0089125857
0.8664388061 0.1094182655 0.0000000000 0.0615836717 -5.3407759666 0.0089155110
0.8664023876 0.1094169021 0.0000000000 0.0615781993 -5.3407664299 0.0089157466
0.8663533926 0.1094165742 0.0000000000 0.0615601279 -5.3407135010 0.0089128045
0.8662667274 0.1094172448 0.0000000000 0.0615334995 -5.3406457901 0.0089076757
0.8662770391 0.1094193831 0.0000000000 0.0615085363 -5.3406281471 0.0089063095
0.8663223386 0.1094222963 0.0000000000 0.0615013465 -5.3407149315 0.0089060972
0.8662704825 0.1094205752 0.0000000000 0.0614997558 -5.3406929970 0.0089064548
0.8662352562 0.1094162092 0.0000000000 0.0614788793 -5.3406381607 0.0089045335
0.8662070632 0.1094125435 0.0000000000 0.0614647642 -5.3406386375 0.0089112464
0.8662010431 0.1094115451 0.0000000000 0.0614616759 -5.3406610489 0.0089153675
0.8661748767 0.1094112173 0.0000000000 0.0614750050 -5.3406581879 0.0089120604
0.8661234975 0.1094106361 0.0000000000 0.0615001172 -5.3406376839 0.0089004403
0.8661835194 0.1094125286 0.0000000000 0.0614990406 -5.3407201767 0.0088917660
0.8661872745 0.1094111204 0.0000000000 0.0614892431 -5.3407459259 0.0088892216
0.8661012053 0.1094082594 0.0000000000 0.0614877231 -5.3406910896 0.0088947332
0.8659378290 0.1094052568 0.0000000000 0.0614977255 -5.3405547142 0.0089036506
0.8659193516 0.1094043180 0.0000000000 0.0614941567 -5.3405685425 0.0089040771
0.8660057783 0.1094038337 0.0000000000 0.0614892133 -5.3406624794 0.0088930782
0.8660550117 0.1094044521 0.0000000000 0.0614808090 -5.3407096863 0.0088838404
0.8660487533 0.1094065458 0.0000000000 0.0614654720 -5.3407173157 0.0088881180
0.8660140634 0.1094088033 0.0000000000 0.0614572242 -5.3407173157 0.0088984920
0.8659453988 0.1094099954 0.0000000000 0.0614378229 -5.3406753540 0.0088999728
0.8659934998 0.1094088480 0.0000000000 0.0614136569 -5.3406925201 0.0088901855
0.8659831882 0.1094071865 0.0000000000 0.0614048615 -5.3407087326 0.0088912267
0.8659242392 0.1094055325 0.0000000000 0.0614050217 -5.3406896591 0.0089053074
0.8659214377 0.1094049215 0.0000000000 0.0614098981 -5.3407239914 0.0089117177
0.8658742309 0.1094047651 0.0000000000 0.0614181682 -5.3406977654 0.0089105722
0.8658301830 0.1094058901 0.0000000000 0.0614223480 -5.3406662941 0.0089084767
0.8658606410 0.1094056070 0.0000000000 0.0614150129 -5.3406929970 0.0089051686
0.8659297228 0.1094048768 0.0000000000 0.0614063777 -5.3407564163 0.0088978261
0.8659549952 0.1094049811 0.0000000000 0.0613966696 -5.3407802582 0.0088889375
0.8659459352 0.1094051525 0.0000000000 0.0613824949 -5.3407621384 0.0088857245
0.8658939004 0.1094050035 0.0000000000 0.0613674670 -5.3407125473 0.0088988245
0.8659771681 0.1094046533 0.0000000000 0.0613523759 -5.3408055305 0.0089023439
0.8660290837 0.1094011143 0.0000000000 0.0613357611 -5.3408503532 0.0089045204
0.8659672141 0.1094014049 0.0000000000 0.0613368750 -5.3407993317 0.0088969469
0.8658815622 0.1094035432 0.0000000000 0.0613393374 -5.3407359123 0.0088897869
0.8659116626 0.1094048843 0.0000000000 0.0613346808 -5.3407759666 0.0088929115
0.8659242392 0.1094033420 0.0000000000 0.0613409765 -5.3408031464 0.0088992584
0.8657858968 0.1093992218 0.0000000000 0.0613643862 -5.3407001495 0.0089008715
0.8657332063 0.1093980074 0.0000000000 0.0613820367 -5.3406810760 0.0089022443
0.8657608628 0.1093997434 0.0000000000 0.0613703169 -5.3407235146 0.0088899527
0.8658573031 0.1094028130 0.0000000000 0.0613368191 -5.3407869339 0.0088837408
0.8659111857 0.1094038337 0.0000000000 0.0613211878 -5.3408470154 0.0088869259
0.8659099936 0.1094034538 0.0000000000 0.0613038577 -5.3408737183 0.0088882595
0.8658115864 0.1094012856 0.0000000000 0.0612908378 -5.3407554626 0.0088851359
0.8657358885 0.1094002351 0.0000000000 0.0612758324 -5.3406791687 0.0088845845
0.8657832742 0.1094002649 0.0000000000 0.0612705834 -5.3407387733 0.0088836495
0.8658182621 0.1093994081 0.0000000000 0.0612697266 -5.3408102989 0.0088854134
0.8658263087 0.1094010323 0.0000000000 0.0612646677 -5.3408536911 0.0088901296
0.8656852841 0.1093999743 0.0000000000 0.0612739176 -5.3407287598 0.0088898540
0.8656448126 0.1094025373 0.0000000000 0.0612757094 -5.3407120705 0.0088857803
0.8656848669 0.1094051898 0.0000000000 0.0612708554 -5.3407793045 0.0088746408
0.8657369614 0.1094067693 0.0000000000 0.0612575226 -5.3408427238 0.0088790273
0.8657102585 0.1094076037 0.0000000000 0.0612492077 -5.3408298492 0.0088746073
0.8656026125 0.1094079763 0.0000000000 0.0612369478 -5.3407297134 0.0088759754
0.8655872941 0.1094105467 0.0000000000 0.0612150393 -5.3407216072 0.0088789845
0.8656276464 0.1094138995 0.0000000000 0.0611852296 -5.3407711983 0.0088793226
0.8656533957 0.1094140634 0.0000000000 0.0611735508 -5.3408126831 0.0088832341
0.8656485081 0.1094115600 0.0000000000 0.0611788929 -5.3408231735 0.0088866875
0.8656052947 0.1094107777 0.0000000000 0.0611829087 -5.3408060074 0.0088778269
0.8655947447 0.1094122082 0.0000000000 0.0611868873 -5.3408136368 0.0088746790
0.8655880094 0.1094125956 0.0000000000 0.0611700825 -5.3408279419 0.0088786576
0.8655549288 0.1094124243 0.0000000000 0.0611657724 -5.3408055305 0.0088794893
0.8654958010 0.1094138846 0.0000000000 0.0611639246 -5.3407840729 0.0088857030
0.8654815555 0.1094141379 0.0000000000 0.0611485392 -5.3407802582 0.0088883871
0.8654861450 0.1094137877 0.0000000000 0.0611415617 -5.3407773972 0.0088896407
0.8654985428 0.1094151288 0.0000000000 0.0611312725 -5.3408288956 0.0088842735
0.8655038476 0.1094148755 0.0000000000 0.0611289553 -5.3408403397 0.0088757295
0.8653977513 0.1094117910 0.0000000000 0.0611399822 -5.3407616615 0.0088682156
0.8653216362 0.1094101667 0.0000000000 0.0611441359 -5.3407058716 0.0088718832
0.8653323650 0.1094106138 0.0000000000 0.0611306205 -5.3407487869 0.0088773835
0.8654166460 0.1094116569 0.0000000000 0.0611054711 -5.3408346176 0.0088813007
0.8653578162 0.1094112769 0.0000000000 0.0610926785 -5.3407907486 0.0088858828
0.8652963638 0.1094143689 0.0000000000 0.0610870682 -5.3407516479 0.0088981148
0.8652653694 0.1094162762 0.0000000000 0.0610822886 -5.3407430649 0.0089012440
0.8653116226 0.1094155982 0.0000000000 0.0610727966 -5.3408026695 0.0088819396
0.8653274775 0.1094135121 0.0000000000 0.0610679053 -5.3408098221 0.0088635581
0.8653139472 0.1094134673 0.0000000000 0.0610556081 -5.3407979012 0.0088572968
0.8652943373 0.1094146818 0.0000000000 0.0610441715 -5.3407807350 0.0088546546
0.8653081059 0.1094177365 0.0000000000 0.0610439852 -5.3408098221 0.0088497400
0.8652896881 0.1094209701 0.0000000000 0.0610553473 -5.3408427238 0.0088535398
0.8652540445 0.1094202697 0.0000000000 0.0610544607 -5.3408317566 0.0088645350
0.8652350903 0.1094178706 0.0000000000 0.0610334575 -5.3408231735 0.0088726655
0.8651696444 0.1094173864 0.0000000000 0.0610159524 -5.3407359123 0.0088658724
0.8650812507 0.1094180271 0.0000000000 0.0610062815 -5.3406734467 0.0088578705
0.8651262522 0.1094174311 0.0000000000 0.0609974898 -5.3407211304 0.0088564809
0.8652001619 0.1094160676 0.0000000000 0.0609819591 -5.3407816887 0.0088514881
0.8652361631 0.1094154567 0.0000000000 0.0609582812 -5.3408164978 0.0088532781
0.8653016090 0.1094165742 0.0000000000 0.0609472804 -5.3409056664 0.0088626696
0.8652710915 0.1094176993 0.0000000000 0.0609454587 -5.3409142494 0.0088840919
0.8652402759 0.1094199345 0.0000000000 0.0609274730 -5.3408861160 0.0088882679
0.8651641011 0.1094210520 0.0000000000 0.0609123930 -5.3408136368 0.0088825841
0.8650537729 0.1094199046 0.0000000000 0.0609096475 -5.3407120705 0.0088680629
0.8650485873 0.1094184369 0.0000000000 0.0609064400 -5.3407001495 0.0088514630
0.8650842905 0.1094184592 0.0000000000 0.0608993992 -5.3407230377 0.0088480162
0.8651166558 0.1094191149 0.0000000000 0.0608924776 -5.3407678604 0.0088400980
0.8651440740 0.1094209850 0.0000000000 0.0608865805 -5.3408246040 0.0088447370
0.8651876450 0.1094213948 0.0000000000 0.0608839840 -5.3408932686 0.0088566793
0.8651539683 0.1094198227 0.0000000000 0.0608904697 -5.3408946991 0.0088692624
0.8650853634 0.1094168201 0.0000000000 0.0608977713 -5.3408365250 0.0088712731
0.8651277423 0.1094187647 0.0000000000 0.0608899742 -5.3409094810 0.0088630114
0.8651741147 0.1094233915 0.0000000000 0.0608760193 -5.3409600258 0.0088616945
0.8651346564 0.1094268337 0.0000000000 0.0608698614 -5.3409428596 0.0088714119
0.8650773764 0.1094271094 0.0000000000 0.0608692430 -5.3408856392 0.0088725705
0.8650138974 0.1094255745 0.0000000000 0.0608566068 -5.3408498764 0.0088657774
0.8649693727 0.1094234437 0.0000000000 0.0608487278 -5.3408193588 0.0088599734
0.8649900556 0.1094225049 0.0000000000 0.0608365014 -5.3408241272 0.0088626295
0.8650832772 0.1094242111 0.0000000000 0.0608125217 -5.3409061432 0.0088572418
0.8650549650 0.1094248816 0.0000000000 0.0607932843 -5.3408813477 0.0088500082
0.8650329113 0.1094263941 0.0000000000 0.0607846379 -5.3408617973 0.0088454187
0.8649373055 0.1094252095 0.0000000000 0.0607775226 -5.3407955170 0.0088540139
0.8648638129 0.1094243154 0.0000000000 0.0607637987 -5.3407435417 0.0088672135
0.8648600578 0.1094236374 0.0000000000 0.0607554503 -5.3407406807 0.0088768527
0.8649041057 0.1094247624 0.0000000000 0.0607567132 -5.3408198357 0.0088723153
0.8649604917 0.1094283834 0.0000000000 0.0607598089 -5.3408956528 0.0088665653
0.8649679422 0.1094296426 0.0000000000 0.0607531071 -5.3408946991 0.0088627012
0.8648834229 0.1094281524 0.0000000000 0.0607509725 -5.3408055305 0.0088598058
0.8648356199 0.1094276085 0.0000000000 0.0607536882 -5.3407831192 0.0088602938
0.8647912145 0.1094285473 0.0000000000 0.0607567392 -5.3407726288 0.0088691702
0.8648253083 0.1094286963 0.0000000000 0.0607594848 -5.3408288956 0.0088708149
0.8648215532 0.1094271094 0.0000000000 0.0607575327 -5.3408250809 0.0088634863
0.8648479581 0.1094279513 0.0000000000 0.0607436560 -5.3408489227 0.0088595478
0.8648380041 0.1094297767 0.0000000000 0.0607296042 -5.3408384323 0.0088455314
0.8649219871 0.1094341874 0.0000000000 0.0607112311 -5.3409028053 0.0088441083
0.8649187684 0.1094346121 0.0000000000 0.0607092828 -5.3409247398 0.0088521037
0.8647869825 0.1094318032 0.0000000000 0.0607206561 -5.3408288956 0.0088570863
0.8647424579 0.1094291806 0.0000000000 0.0607198402 -5.3407955170 0.0088529997
0.8648572564 0.1094319969 0.0000000000 0.0607039742 -5.3409004211 0.0088494718
0.8648490906 0.1094340384 0.0000000000 0.0607070029 -5.3409337997 0.0088529093
0.8648374081 0.1094344854 0.0000000000 0.0607129782 -5.3409204483 0.0088508120
0.8647686839 0.1094314680 0.0000000000 0.0607200749 -5.3408980370 0.0088569811
0.8646761775 0.1094276831 0.0000000000 0.0607425421 -5.3408522606 0.0088612242
0.8646464944 0.1094251499 0.0000000000 0.0607492253 -5.3408374786 0.0088693406
0.8646705151 0.1094235778 0.0000000000 0.0607553162 -5.3408641815 0.0088624889
0.8646141291 0.1094235107 0.0000000000 0.0607580803 -5.3408312798 0.0088499887
0.8645501137 0.1094227657 0.0000000000 0.0607574210 -5.3407754898 0.0088436995
0.8645305037 0.1094218642 0.0000000000 0.0607597381 -5.3407721519 0.0088512739
0.8645985723 0.1094233394 0.0000000000 0.0607549399 -5.3408570290 0.0088502308
0.8646355867 0.1094240397 0.0000000000 0.0607390180 -5.3408842087 0.0088426983
0.8645679951 0.1094239131 0.0000000000 0.0607343800 -5.3408136368 0.0088476483
0.8646028042 0.1094264984 0.0000000000 0.0607238486 -5.3408460617 0.0088392347
0.8646177053 0.1094289795 0.0000000000 0.0607279949 -5.3408946991 0.0088440077
0.8645616174 0.1094273627 0.0000000000 0.0607333779 -5.3408584595 0.0088507896
0.8645115495 0.1094246060 0.0000000000 0.0607224368 -5.3408150673 0.0088520283
0.8645303845 0.1094279662 0.0000000000 0.0607127547 -5.3408613205 0.0088499999
0.8645185232 0.1094304323 0.0000000000 0.0607147403 -5.3408617973 0.0088593420
0.8645693064 0.1094323099 0.0000000000 0.0607179552 -5.3409285545 0.0088538742
0.8645627499 0.1094322950 0.0000000000 0.0607223883 -5.3409471512 0.0088486988
0.8645495176 0.1094327718 0.0000000000 0.0607150942 -5.3409395218 0.0088440981
0.8645240664 0.1094323397 0.0000000000 0.0607003421 -5.3409090042 0.0088463034
0.8644915223 0.1094341949 0.0000000000 0.0606902391 -5.3408865929 0.0088491207
0.8643528223 0.1094332039 0.0000000000 0.0607032217 -5.3407788277 0.0088511053
0.8642781377 0.1094301715 0.0000000000 0.0607147664 -5.3407335281 0.0088508120
0.8643403053 0.1094311178 0.0000000000 0.0607149899 -5.3408041000 0.0088519938
0.8644717932 0.1094342843 0.0000000000 0.0607042909 -5.3409409523 0.0088452287
0.8644932508 0.1094337106 0.0000000000 0.0606936887 -5.3409538269 0.0088400971
0.8644191027 0.1094310731 0.0000000000 0.0606883802 -5.3408899307 0.0088510197
0.8644025326 0.1094298363 0.0000000000 0.0606895536 -5.3408961296 0.0088561932
0.8642958403 0.1094286293 0.0000000000 0.0606932491 -5.3408169746 0.0088577075
0.8642067313 0.1094287857 0.0000000000 0.0606910959 -5.3407406807 0.0088630766
0.8641209602 0.1094287932 0.0000000000 0.0606946498 -5.3406815529 0.0088653527
0.8641647100 0.1094292551 0.0000000000 0.0606907941 -5.3407402039 0.0088659022
0.8642274737 0.1094298288 0.0000000000 0.0606782697 -5.3407821655 0.0088554118
0.8642895818 0.1094318554 0.0000000000 0.0606737994 -5.3408470154 0.0088483077
0.8643210530 0.1094339639 0.0000000000 0.0606645159 -5.3408885002 0.0088457009
0.8643550873 0.1094347164 0.0000000000 0.0606431141 -5.3408961296 0.0088430941
0.8642793894 0.1094337180 0.0000000000 0.0606364273 -5.3408460617 0.0088525331
0.8641966581 0.1094309911 0.0000000000 0.0606507137 -5.3407883644 0.0088617541
0.8641412854 0.1094288230 0.0000000000 0.0606592372 -5.3407678604 0.0088642724
0.8641120791 0.1094274595 0.0000000000 0.0606461279 -5.3406958580 0.0088560320
0.8640467525 0.1094255224 0.0000000000 0.0606424622 -5.3406496048 0.0088506145
0.8640246391 0.1094261557 0.0000000000 0.0606550463 -5.3406667709 0.0088482965
0.8641128540 0.1094284356 0.0000000000 0.0606544241 -5.3407564163 0.0088478755
0.8641841412 0.1094306037 0.0000000000 0.0606507547 -5.3408269882 0.0088441148
0.8642597795 0.1094330847 0.0000000000 0.0606466532 -5.3409261703 0.0088511501
0.8640930653 0.1094296500 0.0000000000 0.0606621355 -5.3408217430 0.0088611739
0.8640156388 0.1094277799 0.0000000000 0.0606681742 -5.3407449722 0.0088630710
0.8640940189 0.1094285101 0.0000000000 0.0606563501 -5.3408203125 0.0088562937
0.8641359806 0.1094309092 0.0000000000 0.0606548488 -5.3408699036 0.0088545568
0.8641175032 0.1094321087 0.0000000000 0.0606706738 -5.3408946991 0.0088619459
0.8640562892 0.1094318926 0.0000000000 0.0606763549 -5.3408498764 0.0088772709
0.8640580177 0.1094306558 0.0000000000 0.0606645420 -5.3408546448 0.0088826744
0.8640829921 0.1094320938 0.0000000000 0.0606459528 -5.3408770561 0.0088746687
0.8641803861 0.1094349995 0.0000000000 0.0606320724 -5.3409380913 0.0088709956
0.8641809225 0.1094333306 0.0000000000 0.0606321804 -5.3409767151 0.0088726785
0.8640960455 0.1094319522 0.0000000000 0.0606453083 -5.3408908844 0.0088708103
0.8640469313 0.1094308868 0.0000000000 0.0606545918 -5.3408427238 0.0088639846
0.8640403152 0.1094309688 0.0000000000 0.0606655218 -5.3408503532 0.0088566113
0.8640294075 0.1094320714 0.0000000000 0.0606677979 -5.3408641815 0.0088571087
0.8639673591 0.1094326079 0.0000000000 0.0606685206 -5.3408384323 0.0088798869
0.8639253378 0.1094332337 0.0000000000 0.0606538132 -5.3407993317 0.0088901743
0.8639188409 0.1094347015 0.0000000000 0.0606493205 -5.3407945633 0.0088846777
0.8639227748 0.1094364896 0.0000000000 0.0606603324 -5.3408136368 0.0088751633
0.8639575243 0.1094374284 0.0000000000 0.0606527068 -5.3408551216 0.0088686775
0.8638662100 0.1094340011 0.0000000000 0.0606495440 -5.3407692909 0.0088733928
0.8637569547 0.1094295457 0.0000000000 0.0606489889 -5.3406853676 0.0088906363
0.8637573719 0.1094288528 0.0000000000 0.0606359914 -5.3407092094 0.0088955304
0.8639634252 0.1094323993 0.0000000000 0.0606210455 -5.3408803940 0.0088823130
0.8640572429 0.1094334796 0.0000000000 0.0606152117 -5.3409667015 0.0088671874
0.8639990687 0.1094323099 0.0000000000 0.0606219247 -5.3409266472 0.0088637266
0.8637610674 0.1094287485 0.0000000000 0.0606480129 -5.3407311440 0.0088734692
0.8636149168 0.1094272807 0.0000000000 0.0606679022 -5.3406400681 0.0088812495
0.8636799455 0.1094296947 0.0000000000 0.0606565289 -5.3407001495 0.0088892523
0.8638134599 0.1094317883 0.0000000000 0.0606441237 -5.3408379555 0.0088820383
0.8638458848 0.1094306931 0.0000000000 0.0606361106 -5.3408880234 0.0088885063
0.8637960553 0.1094291657 0.0000000000 0.0606378466 -5.3408331871 0.0089010047
0.8636809587 0.1094269305 0.0000000000 0.0606355108 -5.3407502174 0.0089110080
0.8636423349 0.1094276831 0.0000000000 0.0606320538 -5.3407201767 0.0089005437
0.8636701703 0.1094277129 0.0000000000 0.0606250018 -5.3407483101 0.0088929143
0.8637273908 0.1094273180 0.0000000000 0.0606249832 -5.3408088684 0.0088897478
0.8637310266 0.1094301492 0.0000000000 0.0606202222 -5.3408422470 0.0088907667
0.8637176752 0.1094349548 0.0000000000 0.0606325157 -5.3408298492 0.0088948729
0.8636639118 0.1094377041 0.0000000000 0.0606560335 -5.3408455849 0.0088902097
0.8637178540 0.1094392091 0.0000000000 0.0606722310 -5.3409099579 0.0088786827
0.8637865782 0.1094406024 0.0000000000 0.0606784560 -5.3409786224 0.0088786623
0.8636282086 0.1094395071 0.0000000000 0.0606820770 -5.3408565521 0.0088900821
0.8635302186 0.1094381213 0.0000000000 0.0606785007 -5.3407912254 0.0089072213
0.8634970784 0.1094348952 0.0000000000 0.0606648065 -5.3407340050 0.0089030620
0.8635393977 0.1094335988 0.0000000000 0.0606351197 -5.3407621384 0.0088852858
0.8636448383 0.1094338521 0.0000000000 0.0606187396 -5.3408293724 0.0088664982
0.8636680245 0.1094360054 0.0000000000 0.0606109798 -5.3408670425 0.0088694850
0.8635841608 0.1094374284 0.0000000000 0.0606221482 -5.3408389091 0.0088898297
0.8635379076 0.1094380170 0.0000000000 0.0606420599 -5.3408212662 0.0088989520
0.8635647893 0.1094373018 0.0000000000 0.0606498085 -5.3408765793 0.0088963155
0.8635808229 0.1094386131 0.0000000000 0.0606532544 -5.3409099579 0.0088953171
0.8634953499 0.1094396785 0.0000000000 0.0606523268 -5.3408484459 0.0089012608
0.8634189963 0.1094384715 0.0000000000 0.0606545694 -5.3407707214 0.0088953841
0.8634533882 0.1094375402 0.0000000000 0.0606500618 -5.3407897949 0.0088769402
0.8635461330 0.1094373763 0.0000000000 0.0606397726 -5.3408823013 0.0088685034
0.8635188937 0.1094372422 0.0000000000 0.0606337376 -5.3408527374 0.0088690417
0.8634448647 0.1094378829 0.0000000000 0.0606174320 -5.3407669067 0.0088662505
0.8634729385 0.1094399467 0.0000000000 0.0606079847 -5.3407993317 0.0088615865
0.8635211587 0.1094394103 0.0000000000 0.0606030598 -5.3408551216 0.0088648396
0.8635869026 0.1094385386 0.0000000000 0.0606070012 -5.3409461975 0.0088694217
0.8635857701 0.1094372869 0.0000000000 0.0606097952 -5.3409538269 0.0088703148
0.8635959029 0.1094378382 0.0000000000 0.0606004670 -5.3409709930 0.0088696545
0.8634499907 0.1094338521 0.0000000000 0.0605876595 -5.3408246040 0.0088791708
0.8633717299 0.1094300151 0.0000000000 0.0605803244 -5.3407278061 0.0088682072
0.8633847833 0.1094317660 0.0000000000 0.0605774969 -5.3407344818 0.0088610658
0.8633660078 0.1094337031 0.0000000000 0.0605879612 -5.3407564163 0.0088618640
0.8634123206 0.1094362140 0.0000000000 0.0605818965 -5.3408360481 0.0088725071
0.8633563519 0.1094380170 0.0000000000 0.0605987720 -5.3408393860 0.0088969227
0.8632906675 0.1094370037 0.0000000000 0.0606292598 -5.3408379555 0.0089142062
0.8632338047 0.1094353944 0.0000000000 0.0606480725 -5.3408107758 0.0089212041
0.8631648421 0.1094350293 0.0000000000 0.0606606416 -5.3407649994 0.0089127198
0.8631208539 0.1094362289 0.0000000000 0.0606763698 -5.3407378197 0.0089000044
0.8630500436 0.1094377041 0.0000000000 0.0607123375 -5.3407216072 0.0089027863
0.8630033135 0.1094375923 0.0000000000 0.0607324131 -5.3407220840 0.0089046918
0.8630499244 0.1094378233 0.0000000000 0.0607328676 -5.3407640457 0.0089020403
0.8630641103 0.1094366685 0.0000000000 0.0607210249 -5.3407802582 0.0088996068
0.8630540371 0.1094363481 0.0000000000 0.0607166737 -5.3407998085 0.0089099258
0.8629902005 0.1094371676 0.0000000000 0.0607393309 -5.3407754898 0.0089252619
0.8628733158 0.1094371900 0.0000000000 0.0607701242 -5.3407187462 0.0089343963
0.8628687859 0.1094370782 0.0000000000 0.0607860237 -5.3407621384 0.0089370478
0.8629086614 0.1094355881 0.0000000000 0.0607825294 -5.3407816887 0.0089399572
0.8629081845 0.1094302759 0.0000000000 0.0607904680 -5.3407869339 0.0089346003
0.8628553748 0.1094277799 0.0000000000 0.0608049780 -5.3407745361 0.0089225909
0.8628281355 0.1094265655 0.0000000000 0.0607953556 -5.3407282829 0.0089192037
0.8629339337 0.1094308347 0.0000000000 0.0607591011 -5.3407964706 0.0089105349
0.8630962372 0.1094354838 0.0000000000 0.0607353821 -5.3409571648 0.0089052953
0.8632386923 0.1094384938 0.0000000000 0.0607250929 -5.3410825729 0.0088955937
0.8630751967 0.1094370931 0.0000000000 0.0607369468 -5.3409566879 0.0088968892
0.8628539443 0.1094354466 0.0000000000 0.0607521646 -5.3407621384 0.0089002047
0.8628405929 0.1094350517 0.0000000000 0.0607569851 -5.3407583237 0.0089082774
0.8629228473 0.1094335243 0.0000000000 0.0607480444 -5.3408484459 0.0089099007
0.8629817963 0.1094305664 0.0000000000 0.0607281700 -5.3408765793 0.0089105628
0.8629957438 0.1094315574 0.0000000000 0.0607218258 -5.3408966064 0.0089103719
0.8629610538 0.1094321012 0.0000000000 0.0607299767 -5.3408885002 0.0089132115
0.8628962040 0.1094352603 0.0000000000 0.0607448705 -5.3408508301 0.0089218300
0.8628674746 0.1094367802 0.0000000000 0.0607514642 -5.3408436775 0.0089244694
0.8628388047 0.1094347984 0.0000000000 0.0607411489 -5.3408026695 0.0089115975
0.8628317118 0.1094321534 0.0000000000 0.0607338808 -5.3407912254 0.0089117782
0.8628852963 0.1094335765 0.0000000000 0.0607264601 -5.3408584595 0.0089109857
0.8628966212 0.1094346642 0.0000000000 0.0607263595 -5.3408784866 0.0089179315
0.8628051877 0.1094343513 0.0000000000 0.0607163049 -5.3408093452 0.0089280382
0.8627788424 0.1094335243 0.0000000000 0.0607146397 -5.3407664299 0.0089191981
0.8628426194 0.1094364747 0.0000000000 0.0607230514 -5.3408527374 0.0089044124
0.8629130125 0.1094390303 0.0000000000 0.0607353300 -5.3409504890 0.0089063626
0.8628888726 0.1094397530 0.0000000000 0.0607370548 -5.3409261703 0.0089073721
0.8628243208 0.1094385758 0.0000000000 0.0607336164 -5.3408679962 0.0089051314
0.8628396988 0.1094367206 0.0000000000 0.0607195050 -5.3408861160 0.0089010987
0.8627987504 0.1094354540 0.0000000000 0.0607088469 -5.3408575058 0.0089194523
0.8627951145 0.1094361693 0.0000000000 0.0607045814 -5.3408761024 0.0089278640
0.8627875447 0.1094370261 0.0000000000 0.0606964715 -5.3408722878 0.0089274505
0.8628584743 0.1094383821 0.0000000000 0.0606862009 -5.3409299850 0.0089106578
0.8628466129 0.1094364300 0.0000000000 0.0606824756 -5.3409056664 0.0088984333
0.8627747893 0.1094299406 0.0000000000 0.0606959276 -5.3408074379 0.0088966284
0.8628757596 0.1094280630 0.0000000000 0.0606893860 -5.3408594131 0.0088987239
0.8631396294 0.1094297767 0.0000000000 0.0606657378 -5.3410577774 0.0089089321
0.8632469773 0.1094281897 0.0000000000 0.0606482551 -5.3410887718 0.0089263190
0.8633332849 0.1094294935 0.0000000000 0.0606414191 -5.3411393166 0.0089329826
0.8632553220 0.1094277799 0.0000000000 0.0606478043 -5.3410377502 0.0089269290
0.8633117676 0.1094278917 0.0000000000 0.0606475957 -5.3410301208 0.0089245047
0.8633316159 0.1094288900 0.0000000000 0.0606507957 -5.3410167694 0.0089327693
0.8633722067 0.1094340906 0.0000000000 0.0606602319 -5.3410434723 0.0089254985
0.8633385897 0.1094368771 0.0000000000 0.0606742501 -5.3409814835 0.0089174286
0.8632169962 0.1094366983 0.0000000000 0.0607018620 -5.3408679962 0.0089226123
0.8632110357 0.1094378009 0.0000000000 0.0607138798 -5.3408856392 0.0089340843
0.8632664680 0.1094372496 0.0000000000 0.0607059523 -5.3409218788 0.0089408122
0.8632327914 0.1094356477 0.0000000000 0.0607126132 -5.3408832550 0.0089448970
0.8631784916 0.1094348431 0.0000000000 0.0607233271 -5.3408379555 0.0089488011
0.8631728888 0.1094342768 0.0000000000 0.0607280321 -5.3408298492 0.0089593362
0.8632695675 0.1094344258 0.0000000000 0.0607249700 -5.3409218788 0.0089665623
0.8632409573 0.1094324440 0.0000000000 0.0607360080 -5.3409094810 0.0089614317
0.8632336259 0.1094315946 0.0000000000 0.0607451759 -5.3408927917 0.0089579085
0.8633020520 0.1094316244 0.0000000000 0.0607422478 -5.3409581184 0.0089543574
0.8632870913 0.1094305515 0.0000000000 0.0607399307 -5.3409428596 0.0089470744
0.8633810878 0.1094303951 0.0000000000 0.0607318096 -5.3410301208 0.0089441612
0.8634130359 0.1094281897 0.0000000000 0.0607258566 -5.3410539627 0.0089418385
0.8633801341 0.1094267890 0.0000000000 0.0607210584 -5.3410587311 0.0089626024
0.8632649183 0.1094227657 0.0000000000 0.0607085489 -5.3409285545 0.0089636585
0.8631492257 0.1094200760 0.0000000000 0.0607196279 -5.3408379555 0.0089631248
0.8631291389 0.1094205976 0.0000000000 0.0607228130 -5.3408503532 0.0089610908
0.8632312417 0.1094247103 0.0000000000 0.0607333854 -5.3409571648 0.0089509655
0.8632041812 0.1094262674 0.0000000000 0.0607301146 -5.3409576416 0.0089584943
0.8632133603 0.1094291434 0.0000000000 0.0607125126 -5.3409852982 0.0089659337
0.8632280827 0.1094314083 0.0000000000 0.0606871806 -5.3410120010 0.0089615574
0.8632863164 0.1094346642 0.0000000000 0.0606774427 -5.3410625458 0.0089675412
0.8632504940 0.1094382405 0.0000000000 0.0606784970 -5.3410806656 0.0089864358
0.8632043004 0.1094375700 0.0000000000 0.0606702492 -5.3410711288 0.0089970836
0.8632315397 0.1094328165 0.0000000000 0.0606478043 -5.3410711288 0.0089932699
0.8631886840 0.1094290093 0.0000000000 0.0606289022 -5.3410248756 0.0089923562
0.8630896211 0.1094251424 0.0000000000 0.0606156737 -5.3409523964 0.0089992629
0.8630450368 0.1094245613 0.0000000000 0.0606077574 -5.3409237862 0.0090027824
0.8631134629 0.1094289497 0.0000000000 0.0606032684 -5.3409790993 0.0089808023
0.8631457686 0.1094321012 0.0000000000 0.0606149957 -5.3410301208 0.0089676995
0.8631190658 0.1094323099 0.0000000000 0.0606282651 -5.3410520554 0.0089720432
0.8630115986 0.1094286665 0.0000000000 0.0606296435 -5.3409886360 0.0089845890
0.8629907370 0.1094256863 0.0000000000 0.0606171824 -5.3409409523 0.0089832405
0.8629451990 0.1094244942 0.0000000000 0.0606067255 -5.3409409523 0.0089882798
0.8628240824 0.1094228178 0.0000000000 0.0606217831 -5.3408775330 0.0090012169
0.8628630638 0.1094237193 0.0000000000 0.0606090538 -5.3409175873 0.0090043508
0.8628934026 0.1094257683 0.0000000000 0.0605832823 -5.3409810066 0.0090099936
0.8628360033 0.1094244942 0.0000000000 0.0605642684 -5.3409528732 0.0090203248
0.8628057837 0.1094252095 0.0000000000 0.0605555065 -5.3409099579 0.0090212636
0.8628543615 0.1094294265 0.0000000000 0.0605460815 -5.3409919739 0.0090149939
0.8628168106 0.1094326600 0.0000000000 0.0605437048 -5.3410267830 0.0090217711
0.8626937866 0.1094321832 0.0000000000 0.0605515726 -5.3409457207 0.0090359254
0.8626288772 0.1094352081 0.0000000000 0.0605652705 -5.3409647942 0.0090431254
0.8625627756 0.1094372794 0.0000000000 0.0605675727 -5.3409900665 0.0090596564
0.8624887466 0.1094392017 0.0000000000 0.0605667457 -5.3410048485 0.0090996176
0.8623892665 0.1094374061 0.0000000000 0.0605773479 -5.3410220146 0.0091334162
0.8622671366 0.1094349772 0.0000000000 0.0605900288 -5.3410177231 0.0091586895
0.8621615171 0.1094326749 0.0000000000 0.0605841056 -5.3409476280 0.0091793686
0.8621075749 0.1094316989 0.0000000000 0.0605701990 -5.3409290314 0.0091929678
0.8620487452 0.1094317883 0.0000000000 0.0605656654 -5.3409366608 0.0092166429
0.8619419336 0.1094315127 0.0000000000 0.0605605170 -5.3408870697 0.0092320796
0.8619580269 0.1094357669 0.0000000000 0.0605482571 -5.3409376144 0.0092378538
0.8620218039 0.1094389856 0.0000000000 0.0605319478 -5.3410334587 0.0092397109
0.8619139194 0.1094385087 0.0000000000 0.0605294742 -5.3409757614 0.0092464080
0.8616917133 0.1094340086 0.0000000000 0.0605228953 -5.3408164978 0.0092650549
0.8615679741 0.1094347388 0.0000000000 0.0605148226 -5.3407835960 0.0092905629
0.8615886569 0.1094384119 0.0000000000 0.0604946204 -5.3408818245 0.0093159722
0.8613849878 0.1094384342 0.0000000000 0.0604955368 -5.3408489227 0.0093402211
0.8612198830 0.1094366461 0.0000000000 0.0604876354 -5.3408041000 0.0093605500
0.8610703945 0.1094364524 0.0000000000 0.0604828820 -5.3407764435 0.0093758758
0.8610160351 0.1094370633 0.0000000000 0.0604905114 -5.3408904076 0.0093987826
0.8610082269 0.1094378605 0.0000000000 0.0604878962 -5.3409986496 0.0094260089
0.8609032631 0.1094372720 0.0000000000 0.0604725517 -5.3409676552 0.0094320904
0.8607096672 0.1094358861 0.0000000000 0.0604626834 -5.3408436775 0.0094389059
0.8605259061 0.1094346642 0.0000000000 0.0604646131 -5.3407468796 0.0094326539
0.8604210019 0.1094332263 0.0000000000 0.0604637787 -5.3407163620 0.0094362125
0.8604496121 0.1094333306 0.0000000000 0.0604654513 -5.3408026695 0.0094327321
0.8605344892 0.1094377860 0.0000000000 0.0604474470 -5.3409342766 0.0094328281
0.8604955077 0.1094383076 0.0000000000 0.0604275018 -5.3409481049 0.0094486838
0.8603594899 0.1094359830 0.0000000000 0.0604245700 -5.3408408165 0.0094547458
0.8602306843 0.1094350517 0.0000000000 0.0604330190 -5.3407421112 0.0094351545
0.8602751493 0.1094372496 0.0000000000 0.0604358651 -5.3408088684 0.0094084777
0.8603670001 0.1094378605 0.0000000000 0.0604380779 -5.3409051895 0.0093984753
0.8603847027 0.1094377711 0.0000000000 0.0604492687 -5.3409805298 0.0094091203
0.8602526784 0.1094400734 0.0000000000 0.0604649335 -5.3409471512 0.0094254743
0.8601371050 0.1094395742 0.0000000000 0.0604589693 -5.3408422470 0.0094216205
0.8600810170 0.1094362736 0.0000000000 0.0604353361 -5.3407821655 0.0094136484
0.8602048159 0.1094375476 0.0000000000 0.0604191236 -5.3408951759 0.0094054751
0.8603246212 0.1094412059 0.0000000000 0.0604187660 -5.3410091400 0.0093868896
0.8603562117 0.1094432026 0.0000000000 0.0604121760 -5.3410348892 0.0093660932
0.8602921367 0.1094423756 0.0000000000 0.0603909679 -5.3409652710 0.0093631586
0.8603169322 0.1094413996 0.0000000000 0.0603616647 -5.3409700394 0.0093671661
0.8604016900 0.1094402820 0.0000000000 0.0603139512 -5.3410477638 0.0093701109
0.8604627252 0.1094400287 0.0000000000 0.0602763407 -5.3410425186 0.0093469284
0.8604630828 0.1094423011 0.0000000000 0.0602483600 -5.3409976959 0.0093111303
0.8605073690 0.1094442606 0.0000000000 0.0602291897 -5.3410439491 0.0093100267
0.8604337573 0.1094465852 0.0000000000 0.0602190495 -5.3410220146 0.0093273465
0.8603790998 0.1094479114 0.0000000000 0.0602080598 -5.3409967422 0.0093458379
0.8605022430 0.1094515473 0.0000000000 0.0602069199 -5.3411540985 0.0093482668
0.8606386781 0.1094535291 0.0000000000 0.0601965226 -5.3412919044 0.0093425550
0.8605990410 0.1094509587 0.0000000000 0.0601963438 -5.3412570953 0.0093432125
0.8604341149 0.1094474196 0.0000000000 0.0602085181 -5.3411436081 0.0093524726
0.8603298068 0.1094476208 0.0000000000 0.0602307580 -5.3410840034 0.0093551120
0.8601810336 0.1094480008 0.0000000000 0.0602517463 -5.3409771919 0.0093620420
0.8603165746 0.1094516516 0.0000000000 0.0602512136 -5.3411297798 0.0093606366
0.8602889180 0.1094529554 0.0000000000 0.0602635592 -5.3411417007 0.0093631223
0.8602381945 0.1094514802 0.0000000000 0.0602761433 -5.3411269188 0.0093753897
0.8602076173 0.1094491333 0.0000000000 0.0602692179 -5.3411140442 0.0093776528
0.8601312041 0.1094488502 0.0000000000 0.0602758974 -5.3410577774 0.0093736406
0.8600172400 0.1094477326 0.0000000000 0.0602755509 -5.3409476280 0.0093624368
0.8599667549 0.1094474420 0.0000000000 0.0602887236 -5.3409194946 0.0093626063
0.8599669337 0.1094481125 0.0000000000 0.0602918006 -5.3409504890 0.0093577709
0.8599897623 0.1094485670 0.0000000000 0.0602906533 -5.3409762383 0.0093619339
0.8599815965 0.1094481200 0.0000000000 0.0602887236 -5.3409910202 0.0093618035
0.8600012064 0.1094467267 0.0000000000 0.0602690242 -5.3409881592 0.0093568582
0.8600973487 0.1094463542 0.0000000000 0.0602469333 -5.3410739899 0.0093552377
0.8601296544 0.1094464585 0.0000000000 0.0602503642 -5.3411345482 0.0093605835
0.8600166440 0.1094466746 0.0000000000 0.0602840967 -5.3411026001 0.0093798116
0.8598927259 0.1094493568 0.0000000000 0.0603008233 -5.3410243988 0.0093761310
0.8600192666 0.1094534099 0.0000000000 0.0602778867 -5.3411107063 0.0093545457
0.8601538539 0.1094567180 0.0000000000 0.0602594055 -5.3412408829 0.0093462747
0.8601590991 0.1094582006 0.0000000000 0.0602547266 -5.3412523270 0.0093369866
0.8600355387 0.1094570309 0.0000000000 0.0602598526 -5.3411483765 0.0093458481
0.8598150611 0.1094549149 0.0000000000 0.0602718033 -5.3409776688 0.0093684783
0.8596973419 0.1094538420 0.0000000000 0.0602665208 -5.3408904076 0.0093732001
0.8597760797 0.1094549149 0.0000000000 0.0602467693 -5.3409409523 0.0093564009
0.8599668145 0.1094594151 0.0000000000 0.0602132976 -5.3410816193 0.0093440199
0.8600800633 0.1094602495 0.0000000000 0.0601808652 -5.3411598206 0.0093238791
0.8600370884 0.1094588116 0.0000000000 0.0601684228 -5.3411140442 0.0093180817
0.8598946929 0.1094581559 0.0000000000 0.0601647831 -5.3409867287 0.0093173180
0.8598716259 0.1094585583 0.0000000000 0.0601766817 -5.3410148621 0.0093382066
0.8598387241 0.1094581932 0.0000000000 0.0601913445 -5.3410348892 0.0093620783
0.8598143458 0.1094585210 0.0000000000 0.0601864494 -5.3410186768 0.0093591101
0.8597643375 0.1094575375 0.0000000000 0.0601911880 -5.3409743309 0.0093500074
0.8597648144 0.1094563007 0.0000000000 0.0601902381 -5.3409533501 0.0093430858
0.8598868251 0.1094572097 0.0000000000 0.0601722859 -5.3410663605 0.0093205720
0.8599785566 0.1094608530 0.0000000000 0.0601679571 -5.3411388397 0.0093148854
0.8598634601 0.1094599143 0.0000000000 0.0601770952 -5.3410506248 0.0093253935
0.8597775102 0.1094597578 0.0000000000 0.0601801015 -5.3409986496 0.0093302801
0.8597986698 0.1094590575 0.0000000000 0.0601732284 -5.3410315514 0.0093177008
0.8598812819 0.1094606742 0.0000000000 0.0601677224 -5.3410983086 0.0093195438
0.8599369526 0.1094632745 0.0000000000 0.0601560026 -5.3411731720 0.0093308473
0.8598810434 0.1094619259 0.0000000000 0.0601569042 -5.3411574364 0.0093478654
0.8598508835 0.1094594970 0.0000000000 0.0601596311 -5.3411235809 0.0093534412
0.8598389030 0.1094552502 0.0000000000 0.0601723269 -5.3411302567 0.0093532968
0.8598312736 0.1094545871 0.0000000000 0.0601799376 -5.3411383629 0.0093456153
0.8597416282 0.1094539762 0.0000000000 0.0601833165 -5.3410654068 0.0093386080
0.8597880006 0.1094563901 0.0000000000 0.0601767860 -5.3410887718 0.0093487222
0.8597932458 0.1094586775 0.0000000000 0.0601779968 -5.3411359787 0.0093489503
0.8598472476 0.1094585732 0.0000000000 0.0601763315 -5.3411936760 0.0093304515
0.8598496914 0.1094599292 0.0000000000 0.0601822585 -5.3411989212 0.0093177659
0.8598447442 0.1094611809 0.0000000000 0.0601759106 -5.3411960602 0.0093173785
0.8597596288 0.1094616577 0.0000000000 0.0601682253 -5.3411293030 0.0093225855
0.8596442342 0.1094628051 0.0000000000 0.0601549596 -5.3410263062 0.0093346955
0.8596631289 0.1094633490 0.0000000000 0.0601504333 -5.3410058022 0.0093387924
0.8596571684 0.1094615906 0.0000000000 0.0601589382 -5.3410301208 0.0093294904
0.8596934080 0.1094574928 0.0000000000 0.0601599328 -5.3410797119 0.0093219439
0.8597867489 0.1094553322 0.0000000000 0.0601552427 -5.3411583900 0.0093226377
0.8598164320 0.1094586775 0.0000000000 0.0601445436 -5.3411955833 0.0093256235
0.8598009944 0.1094626337 0.0000000000 0.0601473898 -5.3412098885 0.0093275476
0.8596804738 0.1094622910 0.0000000000 0.0601508655 -5.3411192894 0.0093349451
0.8596559167 0.1094606295 0.0000000000 0.0601457618 -5.3410887718 0.0093373861
0.8597120643 0.1094600782 0.0000000000 0.0601538569 -5.3411793709 0.0093392190
0.8596970439 0.1094584689 0.0000000000 0.0601622202 -5.3411693573 0.0093330238
0.8596291542 0.1094598174 0.0000000000 0.0601700880 -5.3411107063 0.0093308743
0.8595551252 0.1094592437 0.0000000000 0.0601582788 -5.3410582542 0.0093367370
0.8596048951 0.1094599441 0.0000000000 0.0601303354 -5.3410630226 0.0093246382
0.8596640825 0.1094598174 0.0000000000 0.0601128526 -5.3410882950 0.0093076453
0.8597567677 0.1094630361 0.0000000000 0.0601126514 -5.3412003517 0.0092991199
0.8596516252 0.1094642654 0.0000000000 0.0601437725 -5.3411679268 0.0093209045
0.8594723940 0.1094662994 0.0000000000 0.0601792783 -5.3410506248 0.0093472656
0.8593826890 0.1094651297 0.0000000000 0.0601745397 -5.3409819603 0.0093423845
0.8594900966 0.1094621196 0.0000000000 0.0601447001 -5.3410396576 0.0093171215
0.8595919609 0.1094611138 0.0000000000 0.0601174161 -5.3410911560 0.0093044238
0.8596140742 0.1094633117 0.0000000000 0.0601051226 -5.3411235809 0.0093116360
0.8595907688 0.1094631925 0.0000000000 0.0601099730 -5.3411388397 0.0093276147
0.8596170545 0.1094633043 0.0000000000 0.0601116009 -5.3411369324 0.0093289874
0.8595556617 0.1094627753 0.0000000000 0.0601123758 -5.3410778046 0.0093112364
0.8595060706 0.1094647348 0.0000000000 0.0601121038 -5.3410482407 0.0093087871
0.8595992923 0.1094679460 0.0000000000 0.0601094142 -5.3411436081 0.0093070352
0.8595697284 0.1094664261 0.0000000000 0.0601149164 -5.3410968781 0.0093003269
0.8595231771 0.1094636768 0.0000000000 0.0601138361 -5.3410601616 0.0092960177
0.8595104218 0.1094631702 0.0000000000 0.0601069219 -5.3410696983 0.0092942026
0.8595339656 0.1094652787 0.0000000000 0.0600908808 -5.3410811424 0.0092910118
0.8595534563 0.1094652116 0.0000000000 0.0600904413 -5.3411149979 0.0092987902
0.8595339060 0.1094652489 0.0000000000 0.0601158217 -5.3411512375 0.0093024839
0.8594843149 0.1094668880 0.0000000000 0.0601351038 -5.3411207199 0.0093135368
0.8593695760 0.1094651818 0.0000000000 0.0601367652 -5.3410062790 0.0093224701
0.8592984080 0.1094610915 0.0000000000 0.0601266511 -5.3409357071 0.0093242843
0.8593773842 0.1094593182 0.0000000000 0.0601155981 -5.3410034180 0.0093184644
0.8595388532 0.1094636619 0.0000000000 0.0600966550 -5.3411617279 0.0093086502
0.8596047163 0.1094678715 0.0000000000 0.0600900836 -5.3411951065 0.0092982240
0.8595567942 0.1094673127 0.0000000000 0.0600880794 -5.3411369324 0.0092899688
0.8595430851 0.1094697714 0.0000000000 0.0601031370 -5.3411855698 0.0092965756
0.8595738411 0.1094741151 0.0000000000 0.0601330698 -5.3412528038 0.0093125161
0.8595206141 0.1094756350 0.0000000000 0.0601388998 -5.3412523270 0.0093116555
0.8594229817 0.1094742417 0.0000000000 0.0601278841 -5.3411378860 0.0093122274
0.8593653440 0.1094737798 0.0000000000 0.0601215810 -5.3410673141 0.0093089640
0.8593771458 0.1094758883 0.0000000000 0.0601183847 -5.3411045074 0.0093096942
0.8594771624 0.1094795167 0.0000000000 0.0601221509 -5.3412284851 0.0093105994
0.8595582247 0.1094809771 0.0000000000 0.0601165146 -5.3413338661 0.0093117421
0.8595554233 0.1094793379 0.0000000000 0.0601157509 -5.3413114548 0.0093137259
0.8594242930 0.1094743833 0.0000000000 0.0601300597 -5.3411936760 0.0093118399
0.8594402671 0.1094743013 0.0000000000 0.0601234511 -5.3412337303 0.0093054175
0.8595921397 0.1094783023 0.0000000000 0.0601249300 -5.3413524628 0.0092870705
0.8596662879 0.1094822735 0.0000000000 0.0601365305 -5.3414211273 0.0092863403
0.8596602082 0.1094818190 0.0000000000 0.0601499788 -5.3414397240 0.0092830285
0.8595754504 0.1094808802 0.0000000000 0.0601523221 -5.3413496017 0.0092819631
0.8596938252 0.1094867364 0.0000000000 0.0601627603 -5.3414373398 0.0092833694
0.8597171903 0.1094928533 0.0000000000 0.0601988547 -5.3415164948 0.0092923464
0.8597146869 0.1094958782 0.0000000000 0.0602129251 -5.3415446281 0.0093016811
0.8597127795 0.1094937623 0.0000000000 0.0602050684 -5.3415589333 0.0093068592
0.8596409559 0.1094877645 0.0000000000 0.0601966083 -5.3414602280 0.0093103517
0.8596698046 0.1094890088 0.0000000000 0.0601866469 -5.3414964676 0.0093133720
0.8597005010 0.1094935909 0.0000000000 0.0601840392 -5.3415608406 0.0093057342
0.8597764969 0.1095010713 0.0000000000 0.0601905324 -5.3415961266 0.0092911366
0.8597589135 0.1095030159 0.0000000000 0.0602055863 -5.3415846825 0.0092753144
0.8595882058 0.1095011309 0.0000000000 0.0602219850 -5.3414745331 0.0092694210
0.8595164418 0.1094989777 0.0000000000 0.0602347441 -5.3414402008 0.0092926836
0.8595891595 0.1094989851 0.0000000000 0.0602117032 -5.3415079117 0.0093034655
0.8597064018 0.1095018834 0.0000000000 0.0601715222 -5.3416352272 0.0093069607
0.8597683311 0.1095045283 0.0000000000 0.0601447858 -5.3416800499 0.0093023814
0.8597896099 0.1095095873 0.0000000000 0.0601244830 -5.3416728973 0.0092905555
0.8597443700 0.1095124260 0.0000000000 0.0601001941 -5.3416185379 0.0092920549
0.8597946167 0.1095139161 0.0000000000 0.0600991137 -5.3416776657 0.0092912801
0.8598974347 0.1095139757 0.0000000000 0.0601083897 -5.3417944908 0.0092872083
0.8599386811 0.1095183492 0.0000000000 0.0601276532 -5.3418788910 0.0092889918
0.8599722385 0.1095232889 0.0000000000 0.0601310246 -5.3419203758 0.0092939371
0.8598604798 0.1095221192 0.0000000000 0.0601335317 -5.3418188095 0.0092769247
0.8599020243 0.1095251814 0.0000000000 0.0601473041 -5.3418636322 0.0092772441
0.8598636985 0.1095271632 0.0000000000 0.0601675436 -5.3418660164 0.0092791496
0.8598515391 0.1095307544 0.0000000000 0.0601850636 -5.3418850899 0.0092803016
0.8597900271 0.1095336974 0.0000000000 0.0601977892 -5.3418636322 0.0092837568
0.8598353863 0.1095363051 0.0000000000 0.0601941608 -5.3419141769 0.0092870528
0.8598618507 0.1095376238 0.0000000000 0.0601832345 -5.3419427872 0.0092857089
0.8598737121 0.1095390320 0.0000000000 0.0601604506 -5.3419327736 0.0092854686
0.8598352075 0.1095390245 0.0000000000 0.0601403676 -5.3418779373 0.0092867957
0.8598592877 0.1095403135 0.0000000000 0.0601345822 -5.3419075012 0.0092838556
0.8598972559 0.1095449030 0.0000000000 0.0601349622 -5.3419518471 0.0092909252
0.8597666025 0.1095465943 0.0000000000 0.0601414889 -5.3418736458 0.0093037002
0.8597041368 0.1095458344 0.0000000000 0.0601523332 -5.3418135643 0.0093043242
0.8596513867 0.1095438674 0.0000000000 0.0601590686 -5.3417773247 0.0092866700
0.8597384691 0.1095424592 0.0000000000 0.0601534881 -5.3418426514 0.0092735328
0.8598131537 0.1095436737 0.0000000000 0.0601552017 -5.3419408798 0.0092809387
0.8599122167 0.1095452383 0.0000000000 0.0601359531 -5.3420410156 0.0092827389
0.8600028157 0.1095476672 0.0000000000 0.0601042919 -5.3420972824 0.0092620458
0.8599001169 0.1095474213 0.0000000000 0.0600943901 -5.3420047760 0.0092461407
0.8598805070 0.1095500588 0.0000000000 0.0601011738 -5.3419818878 0.0092560425
0.8598317504 0.1095493883 0.0000000000 0.0601239763 -5.3420009613 0.0092780441
0.8598176241 0.1095476076 0.0000000000 0.0601522960 -5.3420333862 0.0092785321
0.8597310781 0.1095446423 0.0000000000 0.0601651669 -5.3419642448 0.0092800017
0.8597484231 0.1095457450 0.0000000000 0.0601711757 -5.3419775963 0.0092717763
0.8597800136 0.1095501855 0.0000000000 0.0601709560 -5.3420219421 0.0092569962
